1.390591662854154250e-15 -8.346933380751198824e-16 2.243926487536781133e-16 1.151305626160801096e-15 2.469154383303221069e-17 -6.470182253209293576e-16 -8.774804726589547395e-18 -2.315293102498884682e-16 -8.396161768601207491e-17 5.352033512077264109e-16 -3.011403035134008861e-16 -9.717178803788252337e-17 -8.935411698881841996e-16 3.171866022083685296e-16 -4.332158506738475241e-16 -2.601116635374926030e-16 -1.294904691016372931e-17 5.537733094299319537e-17 1.628423966527458718e-17 3.519082038760010655e-16 -1.391087370061528458e-16 -1.778696255835347221e-16 1.772140625149686184e-16 7.945884794372248675e-17 -9.592030516885158007e-17 -6.872773312937715101e-16 -9.423585992892795624e-17 -1.731621015800891121e-16 3.631334231852673668e-16 1.751501065555589626e-16 3.070455317433911877e-17 1.355020811743439772e-17 2.186753221898917914e-16 -1.800101099929584010e-16 -3.491288245573234354e-16 1.382031338903090047e-16 -9.144360662660141161e-16 -8.639585033856023835e-16 -3.770724470160212472e-16 1.278148457559665764e-17 -4.424898050021652785e-16 -9.471472888594727304e-17 -1.547588457944297555e-16 -6.355764141443408384e-16 -5.441366127938845799e-17 -1.780731654645471950e-16 4.246396446826727614e-16 7.848500070937210755e-16 -5.434769047526110241e-16 7.903814416048983384e-16 -2.485107488368925677e-16 -1.330061954287063461e-16 -2.446034842915113346e-16 -6.703078370664461976e-17 1.308496781929641190e-16 -5.079037864085287364e-17 2.060459964919067323e-17 -3.349110931576123020e-17 -4.755315756752072697e-17 2.124225207425653564e-17 -9.242322201627577345e-17 -4.883827211508833626e-17 -8.680496907930811691e-17 1.949820191880348281e-17 -7.094444145172514569e-17 7.460233802449140948e-17 -2.014947266865464442e-17 9.253578716443287465e-18 -4.413986111657353447e-17 -2.292897874493118049e-16 -1.215364064963638551e-14 3.458696921071961970e-17 5.179899592543342279e-16 9.107358678439792857e-16 2.008415742481562330e-16 -1.484992922972629951e-16 -4.853530676873261921e-16 9.895555006315358825e-16 4.596581491967289691e-16 1.572670625340055143e-17 -7.559549908910637283e-16 2.543678292029662872e-17 -7.333988963255429444e-16 -7.232168396083529423e-17 1.049927626446335565e-16 -1.380117529906250174e-16 4.678389585802258087e-16 8.280514191069840451e-18 -1.101196224303992920e-16 -2.400475937505995985e-16 -9.810137908991734865e-16 -1.308562804014006694e-15 3.141490279932103474e-16 2.596628032915634884e-17 2.180589103669409478e-17 -5.884836551803340290e-17 2.257674074552127295e-15
-8.346933380751198824e-16 5.075404664167747352e-14 -3.669565135046901998e-15 -7.844589199851059986e-15 -1.920631325198539152e-16 1.195867565411146503e-15 -2.443555073519024200e-16 -2.354200165034541896e-16 4.650832468419456132e-18 -7.540564714199284431e-16 8.803879610409333870e-16 6.527256289237146224e-16 -2.953873431755278414e-15 -1.329382810893710189e-15 1.603525346254288737e-15 -2.587891636066597169e-15 -1.694342754444630813e-15 -2.597637603624282077e-16 -3.973327057503265248e-16 -1.948811854712021859e-15 -5.316863510851036495e-17 7.436120228606972797e-16 -4.799975570487728005e-16 8.179887190377923729e-16 -7.009393180323522617e-16 1.232622589074127393e-15 1.690125148338863050e-16 -7.243648827683228368e-17 4.397687750489088521e-15 -1.605518973268725322e-15 -1.052121890554877938e-15 3.633683785978276190e-16 -1.714340457793357534e-15 3.938534992325941009e-15 2.345711781700011505e-15 -3.091520121934957245e-16 5.872234692487478325e-15 6.476592082543822616e-16 5.405877309676053368e-16 5.181351720058919240e-17 2.523464758221735566e-16 1.006766884832699520e-15 -5.942212833526586365e-16 1.574766401896233626e-16 2.655002172346765302e-16 -2.357754336126548308e-15 -3.018698707522202254e-15 -4.115607847163646264e-14 6.516018517911758961e-15 -3.876868695227664136e-15 2.196614493011059585e-15 3.665469538114177583e-15 3.757131670022194054e-17 8.575037070737548893e-17 8.746719706609019588e-16 4.670492961721974665e-17 1.107775002742477811e-16 -2.280738543412812476e-16 -3.549859418151946717e-17 3.346012717940968627e-16 -4.031391469481353537e-17 -1.922186705774478968e-16 3.294895187286196444e-16 -2.540961449506726569e-17 3.476198635762399664e-16 1.718669311531070801e-16 -6.425953814667986219e-17 -5.034129949725284566e-17 -7.261360616432218892e-17 2.607729154955351684e-16 4.788517878759295527e-14 6.180808127836793157e-17 4.729353118095009214e-17 1.113166557014134583e-15 1.346187104201684861e-16 1.136104297998194925e-15 -4.887407274037501787e-14 -4.819176394997430882e-14 -1.811348822968145514e-15 -6.919123931048540938e-17 4.048152906550398418e-15 2.290002598398265522e-16 2.535296324517571985e-15 -2.691821405870469731e-17 -1.392953273343438530e-15 2.642441064364401167e-15 2.576001877859475737e-15 -6.472864581453568113e-16 -5.837730987789473022e-16 2.611505741610181550e-15 -7.668802316901333725e-15 -4.374381871611449120e-15 -4.531716060728696974e-15 8.046580002524201158e-16 2.367882674800328106e-16 -7.477304837233211535e-16 -1.345012862708050562e-14
2.243926487536781133e-16 -3.669565135046901998e-15 3.701201455145327117e-15 -8.012309284092954476e-16 2.076950643409295943e-16 -4.549387820864069082e-16 2.095291047412998831e-16 4.459068070088677507e-17 -7.274877303173336748e-17 -1.807733361607560600e-16 -3.248141183937173022e-17 -1.472025664548575501e-16 -1.035770973275761563e-15 -3.673897283571955274e-16 2.146603872186810653e-17 9.400304633463299676e-17 3.669288906857680077e-16 3.580535877847673140e-16 9.870240670966222823e-17 5.693722510012732999e-17 1.236143097933424429e-16 -8.188098299913374376e-16 2.672032587948662612e-17 -8.839607419424066706e-17 3.109662425958751848e-16 5.870556992067684140e-16 -2.634498966487561618e-16 1.208674678141596570e-16 -6.467443564691413569e-16 2.714612136958577207e-16 1.212327841730498217e-17 -4.088084410486673046e-17 -7.288594803848177582e-16 2.203234930289097266e-16 -3.320556471570107954e-17 -2.724451580235846373e-16 -3.111046114963227787e-16 -5.090271408141650559e-17 3.543615134945210130e-16 -2.702718649596321250e-17 -1.201642318603077727e-15 9.165246969243837464e-17 9.892858595516069297e-17 -1.125402828438122055e-16 -1.209211978845842428e-16 3.861572901854740595e-16 3.330320426056976356e-16 3.170150291049854350e-15 -1.272371684957862105e-15 1.735399539847750280e-16 -2.039972540826685435e-15 5.312314615281414977e-16 -1.984198155475378886e-16 -5.490508453449842329e-17 6.791789262448480679e-16 4.194800008969715394e-18 2.531203067649698134e-17 -1.373945902686458720e-17 -1.102754528263208130e-16 -2.179387361659867358e-16 -1.484780614964227822e-17 1.110994278618111469e-17 -4.059225008890204697e-17 -2.567476782610171339e-17 -1.348888974711007070e-16 -7.271324539220720562e-17 1.110363609050812646e-17 -3.220881070456667987e-19 3.169598959100231959e-18 -5.043240735113859793e-16 -1.713230942892604577e-14 5.666422403014384958e-18 -2.515825992261444746e-16 -2.141043354924971553e-16 5.704353083597214335e-16 -4.346754598736987088e-16 2.139837469746607366e-16 -3.394170842590114476e-16 7.226589353775940773e-16 1.979060945880028558e-17 1.606583824821430357e-15 -1.061435593235809099e-16 7.452092461261254401e-16 -5.278853939840029914e-16 1.208476406175146096e-15 -7.395455803856788928e-16 -7.930691382669961652e-17 -2.385084912336881707e-15 2.370314883185988969e-16 2.599933076921947739e-16 4.491726029695909943e-15 6.737391523000402607e-16 1.218571028129571755e-15 -2.524661249287311168e-15 1.713240412688813582e-17 -6.822302107067923585e-16 -6.784447614594761823e-15
1.151305626160801096e-15 -7.844589199851059986e-15 -8.012309284092954476e-16 6.561984185200868975e-14 -5.492131193234236181e-16 2.585388944022622423e-15 -8.126747528247298408e-16 9.602686493380261571e-16 -2.399829551687590088e-16 -7.593918532444442020e-17 -1.185652837137771767e-15 -4.326639818617739449e-16 1.295845726906585620e-15 -1.396889273972286249e-15 -1.976640759357359167e-15 1.268199009562787016e-15 1.612827822357029233e-15 -1.888915270577628458e-16 -9.670872494411743166e-17 4.516872803969038727e-16 7.113888740694156620e-17 5.595898976109143423e-16 8.620282622149510722e-16 1.987795204986965752e-16 9.854436371461856591e-16 -4.374894310869211508e-15 2.882604545242070954e-15 -5.043612012901737828e-16 3.308530490795437198e-16 -7.625626903067005598e-16 4.243641903291744901e-16 -1.624643132325059332e-16 -7.436027185033891804e-15 2.289197585205910686e-15 -2.256392621851721494e-15 9.046462030143470831e-16 -7.511257295316916383e-15 -7.908954512569898239e-16 3.176232740061056397e-16 5.119055845581602650e-16 -4.886915814107773174e-15 -1.789278875684167982e-15 8.826585073391283368e-17 -3.936294288426487579e-16 4.000420317511775496e-16 3.900595657461789067e-15 7.113365410058602402e-16 7.728221459755499379e-15 2.251439064788851052e-15 1.237805100091583730e-16 1.963851291003583239e-15 5.142125961357897570e-16 -6.239720557959126167e-16 -4.934581640912838787e-16 -1.624590809173162867e-14 2.814438875257871570e-16 -1.348433147498363141e-16 5.858971717590694513e-17 1.551514471490281682e-16 7.970507203840364193e-17 6.070821588112164955e-16 5.413869049447009960e-17 -7.226252151398822394e-16 -5.793671789186346975e-16 7.283496437779276308e-17 8.292057941659835489e-17 -8.657026797717410573e-17 8.117339606835610266e-18 -1.626492655484570291e-17 -3.946579343984447634e-16 -2.884241346876472211e-14 2.289531612575055437e-17 3.242903184584598979e-15 -9.694456908618859488e-16 -8.321909592309823428e-16 4.226151330985768485e-16 3.010705284498605321e-14 5.329257418844691723e-15 -3.333057762258001315e-15 1.401515725854947850e-15 -4.477397621676360837e-14 -1.078615355450928484e-15 -7.360879122093074356e-15 -8.763023334194377569e-17 2.640029855953109292e-15 -2.352849913613481485e-15 -3.709368299761314429e-15 -1.076767901557429237e-14 5.338546168180123374e-16 -4.798887662076758072e-17 4.951263010747687262e-15 3.099927499742339018e-15 7.875872625676293061e-15 -2.833283462572523857e-15 -2.624267012878853988e-16 -7.622348134853323185e-15 5.798514270741353302e-14
2.469154383303221069e-17 -1.920631325198539152e-16 2.076950643409295943e-16 -5.492131193234236181e-16 1.507475788101598108e-15 -4.609231680780694075e-16 1.936176904401064793e-17 4.381834501519859581e-16 -1.315028467945454786e-16 -6.978773345297028208e-16 -2.762197965777410066e-17 -6.010842735679468201e-17 1.554579186831488659e-16 -3.952884899975642175e-17 -8.094818057118670570e-16 4.383741424004918089e-16 5.075356866101929499e-16 -1.541275079028567265e-17 2.296133835679193708e-17 -1.767325917622067361e-16 -4.540401297913100935e-17 -2.085130868947797715e-16 2.017966761651244114e-16 -6.972545681939763762e-17 1.863007980389889614e-16 -6.707778793828147646e-16 1.190959805218060102e-16 -5.276420984817134945e-17 2.883057519661553631e-16 1.650658452522919878e-16 -6.105888713522537124e-17 1.130309013908395511e-17 4.256174656079760508e-16 -1.443725346369664226e-15 4.949243672180594029e-16 -8.344491729182232685e-17 -1.302182076721894830e-15 -8.085874657199720770e-17 2.345029387876539854e-16 -9.922951650793042407e-17 2.115834776604599225e-16 -2.437727927740280167e-18 1.986135165558915591e-16 -4.765956116692713449e-17 3.955365156752457437e-17 1.144087878639407821e-15 -7.676181582346423462e-17 4.740653701043081937e-16 -1.841333680056078310e-16 -4.930755412425229115e-16 1.001491722797300785e-16 -4.555714921275619568e-16 2.226842967743530995e-16 -7.463586961307629358e-17 -5.377536290306294267e-16 4.492770155317247616e-17 9.582898648769309068e-17 5.496171940252614462e-17 2.056805947210303543e-17 2.600915011332797874e-18 4.753016846547008594e-17 -5.228759233557378067e-17 5.490452521760491510e-17 7.521653853930214193e-17 -1.054964677543287519e-16 -5.031212866085067194e-17 -5.545046866855021357e-18 4.103223438402597346e-18 6.820114303217950263e-18 -3.525797915370041784e-18 -1.645716427084450853e-15 -3.010432071452898611e-17 -3.277882014717297948e-16 6.324587571262474190e-16 1.276042743145417493e-17 -1.998834067242215972e-16 -1.194200783965849714e-15 -1.163840573893854200e-16 4.676107820250251497e-16 -3.376915899508209127e-16 6.447742525040035150e-16 -7.429686442597299374e-16 -9.721878791795880986e-17 -1.887218868134166794e-16 7.734684773789750325e-16 -5.592910823496069864e-16 1.574457882230909227e-15 -3.636737365082425400e-15 -1.821419350567233482e-16 4.540740417829725346e-16 3.209317551635652798e-16 -6.048562768316615114e-15 6.487312420820237902e-16 -1.231523210836051162e-16 5.677027239285985406e-17 5.598855123393893314e-16 5.184054390405845561e-15
-6.470182253209293576e-16 1.195867565411146503e-15 -4.549387820864069082e-16 2.585388944022622423e-15 -4.609231680780694075e-16 1.241950477467379249e-14 -3.821216475317802911e-15 -1.026773095039668219e-15 -7.558578555860637843e-17 2.962363741111820557e-16 1.198528670501787337e-15 -3.594518874119002692e-16 3.223588874720317444e-15 -7.051378225704629823e-16 6.335753388864046841e-16 -2.072308871264894778e-16 -2.550777360207981292e-15 8.040020776194309720e-17 1.224337293121378868e-16 6.938882666940160177e-16 5.313075114849631857e-17 6.603394747338799366e-16 -1.852881353996920216e-16 -9.414712818208085180e-17 -9.315480791227738755e-17 4.325728043515686462e-16 2.955705197586274401e-16 -2.049894265163128928e-16 2.728516239831660531e-15 -1.211030410889730186e-15 -4.906740519700527139e-16 -9.437997062931141834e-17 -3.972140982953511512e-15 8.927793209481155611e-16 -1.116876397614848262e-15 -5.883721088708830223e-16 4.742626585707854493e-16 3.989692148476519239e-16 -4.363652910691486959e-16 3.259517773911680856e-16 -2.139801192680021967e-15 -8.682405378301231875e-16 3.865781263590281250e-16 2.526125213165866805e-16 1.847253490666007162e-16 3.768756745152240317e-16 4.690677887450781503e-16 -6.423508321723494069e-16 2.526185916864807959e-17 6.710192850579736208e-16 1.471019539766606304e-15 2.946537374032731132e-15 -3.828413430125789685e-16 1.223304795579013899e-16 -2.255088253503994462e-16 1.867851993507140548e-16 6.284781735620708666e-17 7.912938504391524886e-17 1.727791694874809607e-16 1.436742008255113668e-16 2.216787518808042541e-16 5.418447716498454268e-17 3.355141325329886083e-17 -7.271002069972182782e-17 2.406554794507179020e-16 -5.378683036153579589e-17 -8.047975112356716596e-17 -2.471099312117515415e-17 2.113220384546518421e-17 7.405398049883415576e-16 2.305688766917119301e-14 9.478379796569858720e-18 -2.232437192685291354e-15 -2.490717822186152448e-15 -3.793953332335960360e-16 -4.084381488797462576e-17 -1.915876523608085815e-15 2.551171830888855793e-15 -6.107679759615407159e-16 -3.361412335118050273e-16 -3.476084485838730971e-15 3.235734485687024784e-16 1.851133720644229063e-15 5.558749218543107417e-16 4.973416574228571776e-17 -1.338587098294875727e-16 -1.073763587826321251e-15 4.711619586111410259e-15 7.751821090954309699e-16 3.672774863324027667e-16 2.980757015609148223e-15 4.563470565939566347e-15 -1.800423169535900506e-15 -1.506831014395517077e-15 -1.804249466186741717e-16 -1.322615111790554388e-15 -8.400245143880275116e-15
-8.774804726589547395e-18 -2.443555073519024200e-16 2.095291047412998831e-16 -8.126747528247298408e-16 1.936176904401064793e-17 -3.821216475317802911e-15 4.453697295685555887e-15 3.776642898230822872e-16 4.363160810330888876e-17 -5.201619796562739707e-16 -5.828752268001386666e-16 1.318746419158839623e-16 -1.233218039959713374e-15 6.675053721237463016e-16 9.346246170657683064e-16 -1.367291100537051748e-16 9.928269661209519766e-16 -5.080160259778599495e-18 -2.257935892230188951e-17 -5.507471421968270944e-16 -5.207730292853274831e-17 -1.055283489476855846e-16 -1.105796372858732776e-16 1.535421728478185890e-16 -9.466133360816400522e-17 -9.467505913508827554e-17 -2.100682478987960825e-16 1.613211441777462599e-16 -1.166609337769940076e-15 3.441955553500416573e-16 1.798338673247330280e-16 2.337788947008931029e-17 1.695837481242393430e-15 -9.146931665554287010e-16 1.164044354793109082e-15 7.297034558993347354e-17 1.947110487014883538e-16 3.496711652739054312e-17 1.265455138518898164e-16 -1.663505514516641855e-16 3.185303011093560757e-16 3.870654486053518784e-16 -4.276099948313304564e-16 2.409364250311011164e-16 1.450441238111307871e-16 -9.990124873060916612e-16 -2.761423747841741179e-16 -3.672718212024092099e-17 -3.873125800844944531e-16 4.452158162753321268e-16 -1.159190968609128011e-15 -2.668061918345902905e-16 -6.744833883230354918e-16 -3.834125833297259518e-17 2.578629724578654308e-15 -5.288629055612512489e-17 1.813611224817686764e-17 -3.590323013069383341e-17 -9.874719320637625855e-18 -1.346728286200233682e-16 -8.608362492013690390e-17 -4.604425166591086732e-17 5.002151412142685780e-17 1.403918754314360726e-16 -7.941662239521011689e-17 7.519265736407541770e-17 -1.139307532685743149e-17 -6.546205530736499431e-18 -2.895067369598545782e-17 -3.168805469920228156e-16 -8.430936458704485619e-15 4.629526357933965377e-17 1.393656102968600300e-16 -1.248210781901798572e-16 1.174855115263489616e-15 -1.486720963793280263e-16 3.476089548752710852e-15 -2.697739921077731460e-16 4.996202192162895489e-16 5.788718610987693861e-16 -9.933739640633428819e-17 -4.895362412866249869e-16 -3.742528832718755377e-16 -1.002031463304830967e-16 7.482409176847808443e-16 1.667881134315856031e-16 1.116414530206870395e-15 7.325317557609519656e-16 2.624930174795543529e-16 -1.781738354006233596e-15 -2.065701807960968592e-15 -3.255790848353596254e-16 -1.461285626161963838e-15 -2.888878025658971484e-16 1.138659661519747150e-16 8.909542164232711699e-16 -1.101410003497260881e-14
-2.315293102498884682e-16 -2.354200165034541896e-16 4.459068070088677507e-17 9.602686493380261571e-16 4.381834501519859581e-16 -1.026773095039668219e-15 3.776642898230822872e-16 4.377824012251348160e-15 -1.854157000193962394e-16 -2.141362316305773973e-15 -2.585410214144326027e-16 1.305771869049128240e-16 -6.832187806045527345e-16 8.067610822909019359e-17 -5.204769889178609021e-16 1.930539404292205565e-16 5.239760501076186803e-16 1.980740117854051222e-17 -5.826492432083836080e-17 -6.542264083784551306e-16 -1.804438685065100678e-16 -2.902878420100444808e-16 -2.373915529595796787e-16 2.271221713414387748e-16 2.460258217635449874e-16 -9.740926640144722562e-16 3.085554582019918461e-16 8.998156288502247229e-17 -2.607514015503443348e-16 2.936888600068972119e-16 -2.171439426592733038e-16 -2.460639264587505551e-17 2.650852960203053914e-16 -9.294674976204016227e-16 3.480841769928665333e-16 -3.745795813149787598e-16 -1.276942762461458518e-15 1.293717533073656837e-16 4.080709371195583896e-16 -2.174904300486817468e-16 -1.494564710426465416e-15 -6.088426103799229775e-16 3.458492799458941586e-17 6.188785526964718725e-17 -3.685983815847360632e-17 8.644376664384877890e-16 -5.398830568989204979e-19 3.905702613912650757e-16 -4.304661986451236698e-16 -6.190960202278758276e-17 3.623287728559764288e-16 -8.333840174517808886e-16 4.848023107890203411e-16 -4.266640144852950503e-17 1.969896143639198989e-15 2.934406661184761991e-17 7.191198539148629460e-17 -5.769194933741146885e-18 -1.671658871434667161e-17 -9.543434350285737156e-17 2.500918316554099694e-16 -1.109432050880838348e-17 1.577369204833586687e-17 5.578485188295478000e-17 -3.327617676446505311e-18 -4.174629456189017925e-17 2.656817191363733688e-17 -9.944434168302412161e-18 -6.463799390471529450e-18 -1.932748870707633740e-17 3.825265954060806535e-15 -2.668273013395546090e-18 1.725016130228083680e-16 6.169220415283341890e-16 -7.758168398105168230e-16 -1.328808318907215046e-16 -3.978185332428558897e-15 2.234689291099846599e-15 -8.506627064108683691e-16 3.838996885637326401e-17 -3.552045384732158300e-16 -7.413460547018293398e-16 2.294705240419173013e-16 3.038792484450455599e-16 3.196345678030300158e-16 -1.309267141915564308e-15 1.509600417767210697e-15 -4.546363322738208557e-16 5.881159512042688643e-16 -4.638172212974918114e-16 1.336977309240387469e-15 -7.355037434442904226e-15 3.125781669417556557e-15 -1.687568869507838293e-15 -7.791253613980197876e-17 -3.148522042306941439e-16 -2.705720771415811930e-16
-8.396161768601207491e-17 4.650832468419456132e-18 -7.274877303173336748e-17 -2.399829551687590088e-16 -1.315028467945454786e-16 -7.558578555860637843e-17 4.363160810330888876e-17 -1.854157000193962394e-16 1.562950591356122280e-15 4.829327155733640684e-16 -1.219646995525226260e-16 -6.378963160851751504e-16 -6.828313627280584506e-16 2.110152671726471686e-16 -5.756859944335017112e-18 4.105100153935000421e-18 -1.894461159274466689e-16 -9.338897259152873290e-17 3.109841202220284880e-17 -1.313149232817072770e-16 -5.536000408603117282e-17 -3.441856760141834108e-16 1.038833180761708466e-16 -3.562193669526638133e-16 -5.885908581982825241e-16 8.903550743804000836e-16 -3.402874659117568716e-16 -1.279677355653079309e-16 -8.876589896233105568e-17 -1.584303236295212021e-16 2.747509043545838483e-16 3.058110415478289061e-17 -4.875513182741218909e-16 1.021509408634318691e-15 -4.951501073000082297e-16 -2.566909513590928193e-16 1.376006791415252392e-15 -7.388913541310084488e-18 1.311265221114682872e-16 9.376367560047648180e-17 -4.447725002434378120e-16 -4.478805091164718413e-16 -4.051066566257306037e-16 -2.945318010710727232e-17 -7.831618515993499623e-17 -3.250167809072923877e-16 4.465306546997683754e-16 2.591623392514851355e-17 5.139229749912144892e-16 7.601949490078391173e-16 3.125813398158413568e-16 5.086754704728626933e-16 1.194568050038404765e-16 7.159162878394649502e-17 -9.377019822830226940e-16 -2.992205471699456719e-17 -6.823229061253356516e-17 -5.139268157504628985e-17 -1.145139594378064219e-17 9.800320563410874724e-17 -3.591416555533395198e-17 -3.316413229792282762e-17 5.873469929849407467e-17 6.591990831378462987e-18 5.395173942724060157e-17 2.772525439071371214e-17 2.208856343498147078e-17 -7.356832617049252822e-19 -6.050096500844202933e-18 -8.434382610505643002e-17 -1.455272045883565142e-15 -9.666814347668712706e-18 7.820438612707758136e-16 -1.458107578152232794e-16 8.064303038609658002e-17 6.731697977096591994e-16 2.325369964610163739e-16 -1.752806286121713523e-15 5.969160143760522145e-17 1.023922100875467797e-16 8.667104289920186387e-16 -2.518781183617835094e-16 -1.668472492930980614e-16 3.887834033744044467e-16 5.670337928826416891e-16 -8.267553279115041401e-17 -2.498346625890665945e-16 3.530496213019094703e-16 5.281705826122149389e-17 -3.717017387270497069e-16 1.551412804937727110e-15 2.045406655216121117e-15 -4.505896688620237229e-16 -4.349139021529733709e-16 1.553989647674212891e-17 2.972784339580807073e-16 -8.087825534648692959e-15
5.352033512077264109e-16 -7.540564714199284431e-16 -1.807733361607560600e-16 -7.593918532444442020e-17 -6.978773345297028208e-16 2.962363741111820557e-16 -5.201619796562739707e-16 -2.141362316305773973e-15 4.829327155733640684e-16 1.110818106327050094e-14 -5.296745701806915800e-15 -1.457195876855353070e-16 -1.002951784893358954e-15 7.494498535462219506e-16 1.780062990647389432e-16 -9.828560234518353149e-16 -1.726951310318425429e-15 -3.812126088542592686e-16 2.811780465135081481e-17 1.090937728571539693e-15 -2.647147559614399048e-16 -4.816428877117638386e-16 -8.374259548367796698e-17 -7.327353071312856191e-18 -6.880957171640234364e-17 7.793451591228290909e-16 -1.291429682679880805e-17 -4.382421493623852318e-16 -1.188661988873622302e-15 3.535022950312121753e-16 3.424078175575150844e-16 9.586611746314927661e-17 1.951082309245561999e-16 3.176919416978154673e-16 -2.856072345456194568e-15 8.840572842371089953e-16 2.339301364559079183e-17 -2.802539254013323461e-16 -6.205962908259756710e-16 1.932001762228611205e-16 4.072017946033569330e-15 -7.798432909073001277e-17 -1.893196869559897803e-17 -1.232805256771354795e-16 1.017823720490653301e-16 1.021291986215319617e-15 -2.035458113265792532e-16 -1.110667067355725570e-16 -2.673240273673448423e-16 3.227804095573502433e-16 -7.396953441273677063e-17 -2.901664172605320463e-16 3.641779126620134566e-16 -4.096907502684728793e-17 -3.820223038230131223e-15 -1.657344140158629891e-16 3.834488189505876703e-17 -2.119451855440461218e-17 2.107694173944589923e-17 2.331465369776040657e-16 -3.030548842114420390e-16 3.223626258638461247e-16 -8.753360477723756867e-17 -6.738587221510603964e-17 6.225989139222487381e-17 3.686064401177166846e-17 -3.626725508022030392e-17 1.213427874274464229e-17 -1.124517829293540442e-17 -1.596885750616481956e-16 -2.063024719101961616e-14 3.897608609362592348e-17 1.346018920402951063e-15 -4.998868052092770150e-16 5.982648265487003096e-16 -1.013881161354834494e-15 2.616121922784820643e-15 -3.329891557212587477e-15 1.804711220455346164e-16 8.653596687808719577e-16 5.319193875698333054e-16 -1.767861221489275784e-16 3.433018988008852069e-15 7.865978561190180960e-17 -7.653245096256742159e-16 2.686469604937514840e-15 -9.604598183448549076e-16 -2.143880747619987621e-16 -6.134228113137402601e-16 2.663668485546674719e-15 -6.403585051351426502e-15 9.122457191170304384e-15 5.429813762609261040e-17 5.256760101363301755e-16 -5.584998655957933369e-18 6.169274204533856956e-16 1.182419326285155306e-15
-3.011403035134008861e-16 8.803879610409333870e-16 -3.248141183937173022e-17 -1.185652837137771767e-15 -2.762197965777410066e-17 1.198528670501787337e-15 -5.828752268001386666e-16 -2.585410214144326027e-16 -1.219646995525226260e-16 -5.296745701806915800e-15 7.236250929299353293e-15 5.131120487743770793e-16 1.339751163883621909e-15 -1.059135179132607173e-15 -6.414683157260750283e-16 -2.742692973273382518e-18 -2.055224113575302556e-15 -2.534125255656222412e-16 4.099714963105804604e-17 -2.004855915987440267e-16 1.663139162356834018e-16 7.135173113471629099e-16 -1.206863515794109700e-16 -5.500027902040875399e-16 -5.281135390697352552e-16 7.038771328216487006e-16 -4.678784998223442801e-16 1.608717514158637928e-16 6.460041222342533627e-16 -4.056262299554964462e-16 -4.419519400839767663e-16 -5.282133689325964684e-17 -1.412428278188686291e-15 2.068833618828531964e-15 7.840172449004266936e-16 -8.149360489253504738e-16 1.704295759140524486e-15 1.606287830882428843e-16 -2.358834363877878904e-16 1.485728847495594059e-16 -4.231689567926907480e-15 -5.814163673012261348e-16 -1.879642955408725865e-16 -1.250294222916652988e-16 -1.361028149820882907e-16 -9.971481251060714050e-16 1.536475215795024221e-15 1.060073423760145157e-16 3.206128727043858958e-16 -3.954687192871243747e-16 6.835773906995910713e-16 1.199024022888023297e-15 -5.313629410084437854e-17 9.139427629643900764e-17 6.970197461061220067e-16 4.000503016561459564e-17 -3.380394968117310094e-17 1.177968154191640205e-16 7.456558312710665627e-17 -5.382082465407227608e-17 -8.067989886268333717e-17 -2.304163495174264418e-16 -1.332641055194605197e-17 -5.225430667101426370e-17 2.218234120205929332e-16 -5.476678623791887239e-17 -1.203362924822214982e-17 -9.186795279905757666e-18 1.417961945858493512e-17 2.702139924190518545e-16 2.168422340615111662e-14 -5.458828900594586821e-17 -4.416421849417254297e-16 -6.205661603755032590e-16 3.566002650258518277e-16 9.709881359376568030e-16 -2.666729127235534782e-15 2.232833297902502703e-15 -4.698674574614999838e-16 -4.366754421514086868e-16 9.378993358291961885e-16 4.167190293226991356e-16 -4.898775654968213729e-16 -2.072198338076252765e-16 7.914923259275735602e-16 -1.878127447969087931e-15 1.006648094676634522e-15 3.295531673026829143e-15 8.075542381199612532e-16 -1.862100815025625236e-15 1.539257610734116449e-15 -4.084653650284795307e-15 -3.347266362487176199e-15 1.301763505793997904e-16 -7.477575311186792342e-17 2.037554099081208377e-15 -8.715955637513192248e-15
-9.717178803788252337e-17 6.527256289237146224e-16 -1.472025664548575501e-16 -4.326639818617739449e-16 -6.010842735679468201e-17 -3.594518874119002692e-16 1.318746419158839623e-16 1.305771869049128240e-16 -6.378963160851751504e-16 -1.457195876855353070e-16 5.131120487743770793e-16 1.825462155628429367e-15 -3.551830689210400076e-16 -2.595675134370129271e-16 -9.335430768802823658e-18 -2.035959676240475947e-16 1.375237660534626039e-16 -7.434295965852413379e-16 -8.301298322118996129e-17 -3.003196263298583469e-16 7.741752124795046430e-17 9.582083519701071181e-18 -3.884126980804720849e-17 -2.446834647101751906e-17 -1.219568669317761789e-16 -3.245630651278640805e-16 9.390344047565815768e-17 1.800486368731611020e-16 -1.067686369289640826e-16 2.382055566843739748e-18 5.326714219226431692e-17 -1.370234259699402122e-17 2.826229733393834058e-16 1.303105570410024306e-16 5.299950085903334139e-16 1.805541618599530061e-16 -3.541998266042290271e-17 8.876932041683356982e-17 -6.547782402380393534e-17 8.243808138245197313e-18 2.139693902477496119e-15 8.549082802318916396e-17 -3.004462462962746955e-16 6.156964271776088462e-17 6.063391691436136951e-17 4.100699257792916666e-16 -1.756796478257859868e-16 1.595296940742531220e-16 -6.869203762323500842e-16 7.718687913451121182e-18 5.046500243938549679e-17 -2.788931953395280000e-16 -4.889626397914282256e-17 -7.388458378049076085e-17 1.636896611413888863e-15 -7.535300636032076314e-17 6.711010563513104538e-17 1.192342719253654463e-17 -9.514035749830415960e-17 4.778578176086906849e-17 -3.845439758854061224e-17 2.579712789974322521e-17 -5.029878712375393906e-17 -6.694323248857633897e-17 4.656423216312035334e-17 -2.383089267382966342e-17 1.359251770711819228e-17 4.903667579768163382e-18 -1.153618905430705622e-17 -8.542291525411322020e-17 1.357412602101346013e-15 -2.828810052196400483e-18 1.205079689165453060e-16 -1.750186224138170039e-17 -4.763617305423369400e-16 -4.007712767793524583e-16 1.863570517153997061e-16 5.429297103593556080e-16 -1.986552830338922540e-16 4.296635729229741144e-17 -4.324757206138251050e-16 1.667769434735399273e-16 1.193815692488310193e-15 -1.841298558275230992e-16 -8.726182175248573948e-16 8.062612854879801614e-16 -3.659494632874769065e-16 1.832240900784809123e-15 -4.264475117899666299e-18 -3.138123406618405319e-16 -2.573987884259642433e-15 5.902294692081576690e-17 -1.084672394300829912e-15 1.190706435616495612e-15 -1.355979522610389563e-18 -6.795214003698998269e-16 2.657712786825339176e-15
-8.935411698881841996e-16 -2.953873431755278414e-15 -1.035770973275761563e-15 1.295845726906585620e-15 1.554579186831488659e-16 3.223588874720317444e-15 -1.233218039959713374e-15 -6.832187806045527345e-16 -6.828313627280584506e-16 -1.002951784893358954e-15 1.339751163883621909e-15 -3.551830689210400076e-16 5.665414469626206027e-14 -1.110339517558946824e-14 3.586838406148341382e-16 5.581795597533140348e-16 -2.095443279141651284e-15 7.203592782041670892e-16 4.038575842063019082e-16 1.206688453767907510e-15 -4.188393133872444755e-16 -1.031624538700024685e-16 -2.187615057301848731e-15 9.750287003855161535e-16 1.426308630953809697e-15 -3.662235373798724359e-15 1.728519792690487791e-15 -1.798872645159402656e-15 -5.475371116975475598e-16 8.920460527016049322e-16 -8.626019667798759429e-17 5.441913933878696979e-17 4.150407455359829428e-15 -3.115752011543964704e-16 -3.772215345189894242e-15 -1.305935635926080571e-15 5.467364313097473953e-15 4.732653517168786944e-16 1.216150246675604627e-17 -1.245209542534585986e-16 -1.090514064399632578e-15 -1.564671282796747195e-15 4.230349093574705706e-16 7.700843562828818787e-16 1.940675740265921698e-16 -1.150889262925123143e-16 3.580713732597670721e-15 -7.407956165468747144e-16 2.555558615140756362e-16 1.930512721957922583e-15 1.052543737976238936e-15 8.020757137435531249e-16 2.448776517687324647e-15 -9.897341182657195076e-17 -6.945034538247930008e-16 4.404401668993847713e-17 5.450797413055291483e-17 1.317314223604746283e-16 2.990789946882967535e-16 7.098390987823578014e-18 2.984361157023330533e-16 4.884224599944341992e-16 1.218524369282132809e-16 -8.718336436371473274e-17 -2.765355160887521685e-16 -1.053438347517189123e-16 7.888389437001389450e-17 5.482911900549879698e-17 6.486860226442834084e-18 3.407625328077076965e-16 5.196876689984211693e-14 1.103659433209807828e-17 -4.089480070019104958e-15 -5.047734934856195766e-15 -5.564564264393666384e-15 1.442280868627014100e-15 1.613134740787732616e-15 1.276624518477910435e-15 -8.988946662698927514e-16 -5.898503705446589959e-16 1.585260380052801791e-15 -5.758521415485028350e-17 -1.430655993453818220e-15 1.431832943811083767e-15 3.836562134771122043e-15 -4.651063698141074138e-15 2.481507423962766866e-16 -1.295426700933265317e-14 -3.719575334944039724e-16 -2.452848852995301130e-15 6.591574875910698745e-15 -8.713952133503708293e-15 7.668990845413997208e-15 1.323627033952643295e-15 -3.388477053302256975e-16 -1.027078431955892502e-14 4.157709916707927211e-14
3.171866022083685296e-16 -1.329382810893710189e-15 -3.673897283571955274e-16 -1.396889273972286249e-15 -3.952884899975642175e-17 -7.051378225704629823e-16 6.675053721237463016e-16 8.067610822909019359e-17 2.110152671726471686e-16 7.494498535462219506e-16 -1.059135179132607173e-15 -2.595675134370129271e-16 -1.110339517558946824e-14 1.107910668725551671e-14 -3.445447993245727049e-16 8.545282082345641326e-16 8.934083674445483336e-17 -3.475443850070065368e-16 -8.158380199906105304e-17 -9.099092172093011781e-16 -1.978586877261032773e-16 5.922502452439473117e-16 1.004217545729255388e-16 1.633986362044615514e-16 -2.929843352764873049e-16 6.636653747328263590e-16 -4.809808632318249015e-16 2.023810963850735682e-16 -5.949787311864205604e-16 3.488566568756368801e-16 -7.261016217975091423e-17 1.040689965339918770e-16 -3.062881078764887174e-15 -5.461930167879623689e-16 1.585268881098754485e-15 8.626303016311089803e-16 -4.088493307340106666e-15 -2.108754250442508417e-17 1.336818416686509956e-16 -3.915190766282675983e-16 2.407959631303696629e-15 3.454926080121672457e-16 1.283004848400886704e-16 -8.775311117663279561e-17 -1.980497456118828505e-16 2.458418634856507453e-15 -1.135257972868924412e-15 2.769015258525899648e-15 -1.463934947435197643e-15 7.965640424340622056e-16 -8.667652040981219085e-16 5.552448119093058323e-16 -1.164525646288116583e-15 1.890925137953568254e-17 -6.420434117129900119e-16 1.739437767556848697e-17 -6.419198582426529212e-17 1.887748484675374798e-16 -2.512318177093964689e-17 -3.064577716865666306e-17 5.258511047904130717e-17 -4.696058643425297409e-17 8.020513124627354653e-17 2.663766441007939849e-16 -1.291197567042837801e-16 4.668268249680175348e-17 -8.295876689323765922e-18 8.244071738004358083e-19 -2.099724718635346332e-17 -1.117809444443943599e-16 -1.200382505927713693e-14 5.272894851865161318e-17 -4.529725534160100743e-16 1.318650408401172773e-15 3.040719323821278867e-15 -6.651197718399708189e-16 3.101077721950763000e-15 5.177949776341285699e-15 -8.560263927512405498e-16 -1.622210652317504787e-16 3.915723516760155176e-15 1.798243845653300046e-16 -2.897479037325154477e-16 -2.540095617457067229e-16 -2.015150593775563145e-15 1.524673609997466301e-15 4.526883592082847645e-16 2.730314492709027202e-15 -5.559675993178698581e-17 -1.414174140629756048e-15 -7.430611334919305069e-15 1.958164012480553710e-15 1.084508232616419371e-15 -2.203033844812198878e-17 -1.425633306430922698e-17 4.222717539629173609e-15 -2.363475269936294002e-14
-4.332158506738475241e-16 1.603525346254288737e-15 2.146603872186810653e-17 -1.976640759357359167e-15 -8.094818057118670570e-16 6.335753388864046841e-16 9.346246170657683064e-16 -5.204769889178609021e-16 -5.756859944335017112e-18 1.780062990647389432e-16 -6.414683157260750283e-16 -9.335430768802823658e-18 3.586838406148341382e-16 -3.445447993245727049e-16 5.974570810472362242e-15 -1.872062623991294816e-15 -6.155356351477446115e-16 2.135016346753286846e-16 -4.838826142629647253e-17 -3.718943439075641892e-16 -1.270565233999413192e-16 6.361851555713087208e-16 -1.122664314729344581e-16 3.720332944378068384e-16 -2.634735540992416547e-17 -5.128432100702869948e-16 -1.648011723424226643e-17 4.044005538336405285e-16 -5.421089843449768984e-17 -4.552267584710760358e-16 8.575972851530621745e-19 9.283990022571302227e-18 7.955988789368619991e-17 -9.205863256739626312e-16 1.023974247670513445e-15 -6.591548618948140751e-17 2.517717659109349852e-15 4.694434759824525555e-16 3.149093389678146960e-16 -1.392153828961553860e-16 1.436369029770864192e-15 -1.069340112346342337e-16 9.338786177741006028e-18 4.459269799195999688e-16 -2.429625389107961257e-16 -1.406160765370034945e-15 -2.760098946336997174e-15 -2.109671117480260352e-15 -1.108768986504703124e-15 1.309477419472751405e-16 -7.374274114643634912e-16 1.341685116161401855e-15 -1.350768405645324852e-15 2.028838387617685086e-17 2.741938091219843710e-15 -1.928571363008997424e-17 -1.202258822699590241e-16 -3.128872143111109448e-17 -1.325633619053659331e-16 -5.201448239282796449e-17 -2.218810561552682397e-17 -5.557050714126020671e-17 4.038432209701883127e-20 1.601249921550385119e-16 -1.005629984128313124e-16 5.930235749841847366e-17 7.820744556856037628e-17 1.509021553595163719e-17 -1.249812368101098625e-17 -3.697444665361721650e-16 9.742058678624169608e-15 4.146170600617999374e-17 5.674426773188107964e-16 -2.734399086645720128e-16 7.486241428002743500e-16 -1.670956670430127047e-15 1.465078701956211920e-15 1.090833895543523296e-15 -1.313785730575698634e-15 5.754013123676370309e-16 2.685603473822754730e-15 3.626421565789425046e-17 -1.450637455150534881e-15 4.837233932268749563e-16 -2.546745158037700907e-15 3.017812807556234257e-15 -1.434544553482171126e-16 5.258196199425063206e-15 3.225726640624926016e-16 -6.136677323304337415e-16 -7.173738100815417550e-16 8.644755645685587648e-15 -2.228563290073414815e-15 -4.103127053605485430e-16 3.728620548889237703e-17 -5.904235722191670808e-15 6.845705536813826083e-16
-2.601116635374926030e-16 -2.587891636066597169e-15 9.400304633463299676e-17 1.268199009562787016e-15 4.383741424004918089e-16 -2.072308871264894778e-16 -1.367291100537051748e-16 1.930539404292205565e-16 4.105100153935000421e-18 -9.828560234518353149e-16 -2.742692973273382518e-18 -2.035959676240475947e-16 5.581795597533140348e-16 8.545282082345641326e-16 -1.872062623991294816e-15 6.249093634275909387e-15 6.609255781185089376e-16 -1.146621066056234648e-16 -1.954125959646612749e-16 -6.170196258355662870e-16 -3.024966123433814820e-16 4.680426830700464888e-16 -1.928447145637637975e-16 -2.231646068013241709e-17 2.985252994855638352e-16 -5.803933980875634517e-16 8.325988525030235754e-16 1.491571969540721915e-16 1.732916271668999619e-16 3.934001410506024560e-16 3.560144153724362064e-17 -1.776521248579962789e-17 1.712280075769645116e-15 -7.806803369682343218e-16 2.282510819558492338e-16 1.497557410853839028e-16 -2.516842190473217236e-15 4.555665207127502844e-16 3.720881914562033870e-16 -1.094411598446952503e-16 -3.566232092032891188e-16 2.287175388793799395e-16 6.815155618987706362e-17 2.741825490955286543e-16 -2.311717516932602501e-16 6.454441096928125756e-16 -6.975778690303986134e-16 1.585683430230513771e-15 2.841547956281056634e-16 -1.079838396732581816e-16 -2.861843176372467200e-16 -9.623149082574235712e-16 -6.065392552688135507e-16 -2.930823420496050124e-17 1.647514072450585634e-15 1.629867945394225838e-17 5.284204487494024835e-17 1.499728114420614425e-17 4.652019098847390373e-17 2.418696578480786979e-17 2.111078360243558171e-16 1.419724963296373388e-18 -1.123325193368054337e-16 -2.312912165779432381e-17 -1.418803635944083376e-16 -2.534239015882236169e-18 -6.337266497224934821e-18 2.277034632424258468e-17 1.096152803535290007e-17 3.791593993377308008e-17 -9.394877714970627302e-15 -7.317899401267827822e-17 -1.274743140889349665e-15 8.697823673066726477e-16 6.018798838177619206e-16 -1.282327185608941047e-15 1.211133585449854208e-15 1.501679992241802255e-15 7.935424075343296814e-16 -4.463444550084743952e-16 -1.267253171895623737e-15 -4.730893580745256265e-17 -7.896444293641171112e-16 -1.191898391591572773e-16 5.435958720814836040e-16 -4.255105259462056617e-16 -5.248459001050471710e-16 -6.391843464614442964e-15 9.916819608153258730e-17 -4.637366989138682226e-16 3.807600941702769293e-15 -8.075606485560394493e-16 1.127233156553325894e-15 1.137042291014440035e-15 -7.843457881795549915e-17 4.773546810961066297e-15 1.691808898281919496e-15
