1.860089535055000864e-15 3.419339211536394085e-16 3.295604443944484719e-16 3.377419161728416053e-17 1.218281015874811257e-16 -1.244674966560720292e-16 6.441971760263839275e-17 -1.515470402853856504e-16 -1.659344919140959920e-16 -1.373063751641647337e-16 2.315240206850505367e-16 -1.998245216755689474e-16 -1.286243111599994119e-15 4.916512527263225007e-16 -6.281515065090114205e-16 -1.003167384026314671e-15 -4.515718199466041151e-17 1.294273902268366243e-16 -1.400792849632468283e-16 -3.145891250924329620e-16 -7.352947692079890172e-17 5.787479512021258176e-17 -4.741035700368696831e-16 3.911006660510499337e-16 -2.623427401524984869e-17 -4.482820366772524772e-16 -2.371353481771672663e-16 -6.843372928687295492e-16 2.349593235483763225e-15 -2.866021394969272509e-16 -9.156798522644224661e-17 1.003446648299122078e-17 1.013609636100199686e-16 7.285917984483219823e-16 -4.524394569829201268e-16 2.181156735141172684e-17 -7.094073418961583436e-16 -9.357614712239421253e-16 -5.514704119850545670e-16 1.055979420381006342e-16 1.410814013979344752e-15 -1.745985162667226069e-16 -2.593955399163958793e-16 -7.059325859021481774e-16 -3.570109876424364556e-16 -4.793340083142855067e-16 7.558756165904209610e-16 7.749653880773121657e-17 -7.154620496561353536e-16 -4.980241815984562222e-16 4.611750481928698805e-16 6.434011406993377692e-16 -2.313343657867033776e-16 -1.143759603034412977e-16 1.387426922683291740e-15 -6.887532697687167335e-17 1.201912962504031263e-17 -1.160968258825063754e-17 -3.604189909840809733e-17 -7.463054380844208720e-17 -2.792541319556087629e-17 -3.809242071771489822e-19 -6.650925671566999684e-17 -1.093740508339877804e-16 1.294805505475644560e-17 9.683374005924084559e-17 -3.476401226740326059e-17 6.094372283265317363e-18 -4.122817155717010100e-17 -3.531071136183653542e-16 -2.197014437380672805e-14 -1.381002723634857780e-17 -8.541299967221931438e-16 2.080255882315912608e-16 1.033529693171475158e-15 1.431517139000133357e-15 1.048094434870565308e-15 3.772997278986993608e-16 -5.736691299935863343e-16 1.236189327017755277e-16 5.149859399677695630e-16 -1.132710617705396017e-16 7.217706709065638527e-16 -1.750151981783128557e-16 6.396794935875909592e-16 -1.702119553922340192e-16 -1.401471351903899945e-16 1.087390682310001648e-15 1.568100257156274453e-16 2.981484399160794071e-16 6.593674171206254263e-17 1.315065776199208066e-15 1.125468790066716279e-15 -1.769222430464507421e-16 -6.415024223981519473e-17 -1.654517467618560050e-15 9.184681372345526178e-15
3.419339211536394085e-16 7.701112802338712918e-14 -8.093468716025299463e-15 -6.289097554450095341e-15 -2.390636545776927473e-16 -2.563445836260490699e-15 3.192350438205985758e-15 -4.159412680442003288e-15 -5.446898621513692407e-16 6.746211407386960735e-15 -1.215668300076942536e-15 -1.606307499959506508e-15 1.143530974933622254e-14 1.191843717622036365e-15 -4.589923796835641019e-15 -9.615534053036828459e-16 -1.157846869365510340e-15 -1.140380004909262658e-15 -5.479013280937411364e-16 1.545832703301872793e-15 5.211062583358784791e-16 -1.992626526194126395e-15 -2.512307003305017310e-15 6.379539148736348642e-16 1.715645006079285465e-15 -9.886446735047001263e-16 5.436369594382626507e-16 1.029178530107781434e-15 -3.556743122057185668e-15 7.965615831331248545e-17 2.042123776935870430e-15 1.319941976290121462e-16 2.645257530063067423e-15 -9.527062105398939043e-15 -4.618129617192713861e-15 1.075405833022219625e-15 3.136110720495339826e-15 -9.818089648892492656e-17 3.523552436397431683e-16 9.713614497466168972e-16 5.537193151035457027e-15 3.504650840657482145e-15 1.716028132819347994e-15 2.769917363953320033e-17 -5.692361384521846570e-16 -9.874565101571179327e-16 2.543982590802265921e-15 -4.161386316952870524e-14 6.638327525177870371e-15 -1.489224908285504768e-14 2.548204461333442213e-15 7.604289397321127432e-15 -2.143811145571101189e-15 1.682801781398524636e-17 -1.954006842292101379e-15 3.796388774161075363e-17 -1.449483362940948568e-16 -4.679205351635815708e-16 5.073064973224848919e-16 4.617265602263135084e-17 -3.455698467269339542e-16 -1.652897417699457089e-16 1.153174534388500697e-16 1.110203912660191677e-15 8.746463042417660996e-17 -4.731781476340013789e-17 -7.951812575979247860e-17 7.975902496739198224e-17 7.894833582002099172e-18 6.470361341440655693e-16 -3.007242707858124626e-14 5.180457082249068977e-18 7.464489612687571799e-15 1.570055921969678259e-15 -4.211083372122688983e-15 -1.017884649041601089e-15 -6.771160130010816369e-14 -8.689189838036475511e-14 -4.096179803424222996e-15 -2.331181063179710514e-15 4.860053168726222331e-15 2.690035269067313470e-15 4.891190389320487084e-16 1.145908840684574015e-15 6.372363273542951302e-15 2.760844354039124934e-15 1.473492573095250022e-16 -2.875084827524306469e-15 2.052481108663475539e-15 -5.591925209999362014e-15 -4.879844087004105157e-15 -7.494877814281071237e-15 -4.110446163046499037e-15 -6.690969569705231883e-16 -2.068794116826739152e-16 9.940344848770002589e-15 -5.959247814857631936e-14
3.295604443944484719e-16 -8.093468716025299463e-15 6.947074310444461106e-15 1.310904210702186286e-15 -2.787000610222109029e-16 -1.173354924174377118e-15 -1.743143345159039683e-16 2.225502683872873649e-16 -2.238963872354218300e-16 -2.015711396195385301e-15 1.773972660325271831e-15 -3.255386456905233368e-16 -7.347408832295286477e-15 2.030533543923425780e-15 6.781617998929717213e-16 -1.402652302978709397e-15 -8.567217418409377037e-16 3.873483331291505694e-16 7.293994326836924914e-19 -7.673373910896256007e-16 -1.143770243664404304e-16 6.732955730367120911e-16 6.681261425200696827e-16 -2.093379503358259414e-17 -7.096657050788584426e-17 -4.590753939277251339e-16 1.315251011176717474e-16 9.190244871152291719e-17 3.470112274798078313e-15 -1.186197011644352920e-15 -1.227983525172424971e-16 -1.076548498613435195e-16 -4.348414754578878362e-15 3.929795083276586798e-15 6.094073077965195693e-16 3.859268066008445315e-16 4.045430157288210585e-16 -5.062197936019889386e-18 2.081476700108981780e-16 -2.745373883398841299e-16 8.227969108774055552e-16 5.301296282704508302e-16 4.098213445303701744e-16 -2.413054267956465148e-16 -1.135713843426480000e-17 -5.086967716917065438e-16 3.915792471216475997e-16 6.499037968250616893e-15 -3.756361048811568397e-15 2.998567786806067594e-15 -3.522565140747082884e-15 -6.263619423853177248e-17 2.991719119426958904e-16 7.482992034509740490e-18 -1.675132599272251155e-15 -1.302719575299200025e-16 -6.257955937788875065e-17 -1.905863865905341606e-16 -3.425068965234774889e-17 -1.209011088330100580e-16 1.168990240123409100e-16 -5.407431768018306185e-17 -4.047506153377222078e-17 -3.866780649423104613e-16 -5.907377155922176799e-17 -2.095744477636662343e-17 3.855042069544727905e-17 1.423047962356163927e-17 -1.685407437570219899e-17 -5.082704099890392696e-16 -1.599583161861490928e-14 -3.819081159174117521e-17 -3.352204823664825445e-16 1.395051511317698251e-15 6.748317174241827251e-16 -5.096165462142256673e-16 -4.917725108434771807e-15 6.370027713155653764e-15 1.820473784735744501e-15 -1.558121342150593667e-17 -1.592078456629358584e-15 3.040982230453751665e-17 2.217041421070365891e-15 -6.204861655573511848e-16 3.124722272632255395e-16 -2.891740010944381630e-17 -1.885677535219704966e-16 -1.641306608476320940e-15 -2.928877360654527220e-16 -6.829210609787199722e-16 -2.773842047050524166e-15 1.512474533967173086e-15 3.936726049941832055e-15 -2.157602777419165509e-15 2.536799762546077037e-16 -5.705557204139756920e-16 2.281013742262579609e-14
3.377419161728416053e-17 -6.289097554450095341e-15 1.310904210702186286e-15 6.645211478993084815e-14 -3.329990137524563428e-15 3.071674493502519203e-15 -1.323753897664122267e-15 -4.156328792479206074e-17 3.228680993218683992e-16 8.452205775452383634e-16 9.045606996416880343e-17 4.211540445040564229e-16 2.568763000016591920e-15 -3.432424441590004532e-16 7.181326543545269999e-16 3.366148101873304468e-15 2.493850432775471122e-16 3.736253724517101399e-16 1.504321868916204233e-16 -4.737230444957138411e-16 -1.934488344269002492e-16 7.297104268402129112e-16 8.443822330059169288e-16 1.368542922729594086e-16 6.798878131885366215e-16 5.978720879431409658e-15 -1.268220103707901952e-15 -1.687225114350624196e-15 3.013720499547398450e-15 -3.254712590311954172e-15 2.590344070935463860e-15 -2.036468733652804120e-16 -9.569391441463260869e-15 -1.920811660901816561e-15 2.092993340997529856e-16 1.975580339508343807e-16 4.259898645157694878e-16 -5.031172019128319839e-16 6.712429298345385967e-16 -4.517466460494749171e-16 1.289643952360595840e-14 -2.264190695772241273e-15 -7.358685458973154055e-16 -4.199651377784777469e-16 9.077654838534896579e-16 4.431551444677657760e-15 4.965912322159568893e-15 6.182710690380297725e-15 -1.890312369269243149e-15 6.385486823183274764e-15 -8.002077761289158134e-16 1.895326788984262808e-16 -3.065811915939172893e-15 -3.958365265099867850e-16 -4.375316896125213875e-15 -6.075423581448527467e-16 -8.689654214712719672e-16 -3.295245306201403219e-16 -1.528379330229887350e-16 9.607879625536715822e-17 5.777330471084945114e-16 -9.751866239801858576e-16 -6.531134778130226119e-16 3.202060436589878384e-16 -3.444794603400751035e-16 1.564101963141656015e-16 -7.829906232293568955e-17 -5.609900287673124858e-18 2.889766378986397064e-17 2.848051155153016229e-16 3.848144592151047507e-14 -7.564879581379930222e-17 -8.010174136441901854e-15 -1.205224994126159701e-14 1.066184693355496306e-14 -2.709334342361481740e-15 7.030441028049988421e-15 2.100420097092185479e-14 -1.235517038845032603e-14 3.530405973196946034e-15 -2.763382146108142533e-14 -1.907322813213570329e-15 -1.469565926069113246e-14 -8.204159348066667284e-17 -2.677174982813990271e-15 -7.965089287800094473e-15 3.657447948605553331e-15 -2.269876554551589320e-15 6.192919913187233805e-16 -2.829340442591615504e-17 1.450694460053547935e-14 -1.478281203480100562e-14 -7.465742263735565708e-15 9.296383703381425380e-15 -4.716712090437709110e-17 -1.269752966075074189e-14 2.557006578434082324e-14
1.218281015874811257e-16 -2.390636545776927473e-16 -2.787000610222109029e-16 -3.329990137524563428e-15 1.922448589073828158e-15 -2.205403933899980586e-16 6.152454003465440599e-16 -4.919844308339582593e-16 -1.812760516609114631e-16 1.484781896693975508e-17 3.047314146777943635e-16 4.531484311395514010e-17 -4.031435868798899756e-16 -4.502246872484372037e-17 -1.595251110681615891e-16 -5.218391571201601896e-16 -3.872214832963346605e-16 -1.524041831699626879e-16 -1.436157077649740094e-17 1.777512721912398139e-16 1.804211810449080621e-16 -8.081711446040950348e-16 -1.870113182793993964e-16 1.256457105908955352e-16 -1.830827614164568787e-17 -6.203348055933576915e-16 8.019035175030448622e-17 -1.073795088663234655e-16 3.761943183936695241e-16 1.051903893554307456e-16 2.074551453346045448e-17 3.257413377424533173e-17 1.018185022435423840e-15 3.217291951298665723e-16 2.548192027608450553e-16 1.819403304637977224e-16 -3.923836673768347113e-16 -8.442533558211848256e-17 -1.090657405953565601e-16 9.497834233088730968e-17 2.144565336726288487e-15 -8.483701420936653327e-17 -3.127950359267312780e-17 4.894307184921555287e-17 5.419915516191791867e-17 -5.652350097366389856e-16 -1.125246176879849464e-16 -5.444569927897126435e-16 -4.688972193555148253e-18 -4.704830118888249402e-16 -2.339094813156924062e-17 -8.084274146271894154e-17 4.300874232462071211e-16 -7.283070230509205762e-17 9.063230681405504629e-16 3.087895544851147058e-17 -1.547018627344240589e-17 2.112166614532939045e-17 -6.275407282037883745e-17 1.713455725525387004e-16 -1.111557478694419446e-16 5.973977864130173504e-17 1.710870328814701657e-18 -5.730056159384326722e-17 7.210593017565231290e-17 3.910749241543241374e-17 1.205327428475047794e-17 -9.579224168799308326e-18 -1.049663192775955863e-17 -2.123298070017187960e-16 -3.702126639837007021e-15 -5.207734976725664219e-19 3.054384000082402255e-15 6.743662366915922435e-16 1.396427296278000309e-16 1.824410245830290552e-16 -5.976863757098966357e-16 6.225383347130667934e-16 1.693137835929354993e-15 -2.943451203548086135e-16 6.224270069169240970e-16 -8.218099584141407380e-16 1.036546026344049552e-15 -7.639337693383912900e-17 -3.181508145610667522e-16 1.462861941792020328e-15 -6.316379253338861902e-16 5.492528224649670675e-16 -1.486720969396718031e-16 7.571452685240738367e-16 -1.863852859354055824e-15 8.077496771493604189e-16 9.313125802928218842e-16 -1.473934526859296485e-15 -2.949586434178399836e-17 3.040936981425181570e-15 -3.267932989731895847e-15
-1.244674966560720292e-16 -2.563445836260490699e-15 -1.173354924174377118e-15 3.071674493502519203e-15 -2.205403933899980586e-16 1.909399013731118501e-14 -6.017830462407630427e-15 9.466099706943344822e-16 1.141462374936566985e-16 -8.157044410241642205e-16 -1.086256138139342457e-16 -2.101520417307452466e-16 7.746247974013333967e-16 1.360323823170936540e-16 4.179385423200285427e-16 1.753536866077083922e-15 -2.111571957680968396e-15 -7.964140756618929180e-17 -1.112192781704043365e-16 -2.867142615910494683e-16 3.059915561808535681e-18 -1.031366726230716523e-15 6.948152935466917867e-16 -1.336676202898858183e-16 9.933676092929546636e-16 1.448744317825594412e-15 -6.711966198824186626e-16 -2.636877469902051112e-16 -1.422816835164929804e-15 -2.618194388175839669e-16 -3.164987761522966571e-16 2.246482407565922869e-17 2.076276611199561324e-15 3.442050096365534767e-16 7.354541422629537992e-16 5.343797005997769344e-16 -6.257780209782573028e-15 3.977836779405038792e-16 -2.178556961921066961e-16 9.116272267874292815e-17 3.623155918643563371e-15 -1.521091165640857010e-15 1.532416419409058295e-16 1.449253543840061843e-17 3.149679890142102228e-17 1.891279899539314162e-15 -3.899561924172952165e-15 -9.917468446861416002e-16 -5.459760638517796897e-16 3.143771400599409202e-15 -7.504818194198892294e-16 2.336933469404840398e-15 7.784803472207842771e-16 6.771737334363453643e-17 2.316754962666524121e-15 -1.317155700838151227e-16 -7.439810224937357297e-17 8.144785538303056336e-17 -5.192381178826162510e-16 -2.027710691810384740e-16 -1.039849621170000649e-16 1.084205126241119926e-16 -1.335981411046040417e-16 -9.330616022952740804e-17 -1.161489191438442022e-16 1.470968498200746712e-16 -4.116783988041263064e-17 2.112374278452342964e-17 -2.213884130303215110e-17 9.788156912549137007e-17 2.259634949262120389e-14 -3.363708082025696995e-17 1.705136123196020499e-15 -6.989659484305560380e-15 6.350394823986533190e-15 1.722917166344934201e-15 1.586363486675369704e-14 -7.907670184135755481e-16 -3.825087373823491740e-15 6.514436424035148919e-17 2.342742005196493335e-15 -4.581057214658686750e-16 -1.531289239104538367e-15 5.169318030104672289e-16 3.166443942311053136e-15 -6.216772266520701198e-15 2.871504194129653563e-15 6.018046962161055060e-15 -3.213289511821040027e-16 1.490591224048557431e-15 9.995791935037895459e-17 -1.028827076110321261e-14 -7.329329950992129386e-15 4.028132414767154885e-15 3.059510459780056219e-16 3.183933838371513953e-15 -1.270128875585262096e-14
6.441971760263839275e-17 3.192350438205985758e-15 -1.743143345159039683e-16 -1.323753897664122267e-15 6.152454003465440599e-16 -6.017830462407630427e-15 8.582782135143810739e-15 -7.373348783548651208e-17 -2.238881750145864904e-16 9.667349286904561208e-16 2.647086215084612706e-16 6.241209828845395108e-16 -1.031897521009345869e-15 2.992579586626840217e-16 -9.127334744749571652e-16 -7.322169267681325746e-16 7.163929348547964985e-16 -5.313703652072448312e-16 1.734791716041981886e-16 3.002338823622885425e-16 -2.268819131750245325e-18 6.165274742969100849e-17 -1.203694738714113313e-15 3.806949100273816902e-16 -1.122951744794120435e-15 8.665560109481891661e-16 -2.643737828908465627e-16 1.747736210688252168e-16 -1.084241795813365997e-15 7.011160922441805239e-17 -2.705560298931467466e-16 1.372541220916163078e-16 -1.580307000634702085e-15 -2.429258301899955679e-16 -4.014192441238548017e-16 2.397067127336692326e-16 1.113818327325290165e-16 8.349457459069062393e-17 -5.168794253148158831e-16 -6.588133703440386935e-17 3.787527264546369417e-15 -2.142950248658999173e-16 -1.020030497445125692e-15 2.210085416097572620e-16 -4.210307189423492895e-17 -1.161016326671203555e-15 3.342860443266998384e-15 -2.480583229749883741e-15 8.354439767494283292e-16 -1.180940292288275416e-15 -1.262838875266908308e-16 1.006407730696180727e-15 -5.845550906719064072e-17 -1.478106478585511225e-17 -4.058443475619919538e-16 5.240341055513993961e-17 5.937140394491623669e-17 4.884032645812811730e-17 9.658058051266055196e-17 1.704115437836288547e-16 6.205813880498983612e-17 -3.133202265278300955e-16 1.452128381337314613e-16 -2.156418564901314849e-17 1.320972561898047505e-17 -2.900502897316813105e-17 7.065607018805704763e-17 4.915159404319646655e-18 -3.892338000108172185e-18 -3.072487714147319926e-16 -9.534712903440457631e-15 -2.180553370261544898e-17 1.080725195292802477e-15 3.138537593424251875e-15 -2.721026115283419452e-15 -6.912762138655067441e-16 -7.595233342295187996e-15 -5.587007234202653856e-15 1.169927026328357755e-15 -1.604649628926666258e-16 -2.107060034246655348e-16 -4.650190706772335306e-17 3.831945678618409683e-16 -2.925497792834229925e-17 -4.102002695261267087e-16 1.935127048019525342e-15 -2.217468973864728880e-15 4.297783636358904743e-15 2.581085051697243078e-17 9.388397143549456166e-16 1.245902075197701965e-15 2.718133366950317026e-15 3.514688987324839854e-15 -2.458283687708803108e-15 -1.401274621021738803e-16 -2.595695186310069227e-15 -3.626569846946221723e-15
-1.515470402853856504e-16 -4.159412680442003288e-15 2.225502683872873649e-16 -4.156328792479206074e-17 -4.919844308339582593e-16 9.466099706943344822e-16 -7.373348783548651208e-17 6.742474777403271861e-15 -8.268928033407714538e-17 -2.584387803375537564e-15 -1.461683524497470039e-15 -8.137959891858445781e-17 -2.585925568661742640e-15 9.591028495241488709e-16 1.527237986602357960e-17 8.669429080302168941e-16 1.081323768560501311e-15 9.221354707755136340e-16 4.524181455802726363e-17 9.014324234267560537e-16 -6.444697247240282026e-16 8.873548937091318962e-16 4.741281718560733621e-16 -7.372484670623684958e-17 -4.528938832581768195e-16 2.520974758323942291e-15 -2.753900837334439877e-16 -3.690508686790549708e-16 -1.927927060812083283e-15 5.550173129037680855e-16 -9.801987425105408207e-16 -8.686162391619052141e-17 -9.654978184271257480e-16 1.477918864352097267e-15 5.406523071336637418e-16 -6.606087630278139397e-16 -6.592014468712492412e-16 2.279451212362670677e-17 -2.943950979768251070e-16 -1.039396737843775940e-17 -3.172298962026647648e-15 -2.541718076782726411e-15 -7.079102886876980798e-16 2.205810006261998764e-16 2.955911305516679148e-16 1.458208332268824497e-15 -2.525026657040525739e-15 1.938864113307457673e-15 -3.147073378097676581e-16 -1.545984640414910742e-15 1.278261523744929113e-15 -2.252679015934327974e-15 1.671936348365930076e-16 1.452307275777548515e-16 1.003945538181086027e-15 -8.606817016228027012e-17 7.145413872857202735e-19 3.912605128920905831e-17 -3.608664725080836340e-16 -1.657325708619081074e-16 1.493704592776033037e-16 -6.605628477342503322e-17 -4.081157833305685319e-17 1.086590249687969176e-16 -4.139277282394964974e-17 4.932779438101639695e-17 -5.871511396851808715e-18 -9.492553293466778173e-18 -2.909758745722068388e-18 1.459730537299394652e-16 8.073547896993068118e-15 -3.610324190757528925e-17 1.038434549186850155e-16 -1.308523339786208440e-15 1.929097874765433903e-15 1.352132889778320832e-15 -2.121238310880820433e-15 7.754147313502155562e-15 6.862205497948891987e-16 1.161839708897148705e-16 -1.044729659027700516e-15 -5.070464574213341716e-16 -7.840157111758026529e-16 3.225663920852500112e-16 1.184110892358360876e-15 -2.610789668920084948e-15 -1.369277943769774930e-16 3.801572654591355337e-15 4.362575459109968730e-17 1.925786744281780677e-15 1.051595965277798064e-15 8.861648626922925114e-17 3.462509843685128576e-15 -1.046503352955672420e-15 -1.081198084602443313e-17 -7.158258387445946835e-15 1.963562122296232804e-15
-1.659344919140959920e-16 -5.446898621513692407e-16 -2.238963872354218300e-16 3.228680993218683992e-16 -1.812760516609114631e-16 1.141462374936566985e-16 -2.238881750145864904e-16 -8.268928033407714538e-17 1.693573074308189166e-15 1.238557504425255281e-15 -1.065075804956608222e-15 -5.763266693255453705e-16 2.218209830274779766e-16 -1.053698704371606597e-15 -1.111802596509085555e-16 3.382874384526863991e-16 1.707662060383078003e-16 1.503364147687897724e-16 5.643980011970114740e-17 4.070196932442304328e-17 -4.595781394166036170e-17 -1.570753825669901529e-17 4.554009202344516269e-17 -6.060461339892115805e-16 -5.038171065584698562e-16 7.299790635594230896e-16 -1.260633348149790471e-16 3.991688153271448104e-16 -9.945529816114980881e-16 5.599639595256890074e-16 -6.832505234183926436e-17 -1.492094100724496837e-17 -3.090268704591032402e-17 1.017374569000514583e-15 1.971150048445392968e-17 -3.417203155595838588e-16 7.981533199724611186e-16 -9.034425611674123039e-17 -4.788684530713013868e-17 1.521570238564861000e-17 -1.725402962973935258e-15 -4.190082146034666954e-16 -2.783989350005602314e-16 -2.612490153871728743e-17 1.357554862333905438e-16 1.399463616086982096e-15 -1.426521648232634109e-15 -5.079576995727253182e-16 -2.559321323154676948e-16 -3.063494944459105890e-16 7.809734013790591493e-16 1.146395422627263022e-16 -2.698124752232103509e-16 9.059666951551060143e-17 -7.138893714348789848e-16 -7.432829883211429669e-17 -5.437826197676339004e-17 -1.258494467585616059e-16 -6.637622298018406598e-17 -1.149395664096467899e-16 -8.231488508974563203e-17 -6.707445773289241908e-17 -5.968019333396976428e-17 -1.274718037503203630e-17 3.521138333122343279e-17 -1.359467384423434729e-18 1.166020691255967306e-17 -3.523068633248466234e-18 4.476923959780849143e-18 4.229663193602809230e-17 2.140080859185478732e-15 -3.125890549432998727e-17 8.385595566322674436e-16 -3.577521211098162203e-16 9.035438192227453960e-16 -1.096929402359466838e-16 1.714752179812516269e-15 -6.087737668618150203e-16 -7.316565004815108160e-16 2.755650783587931857e-16 3.078202554227335926e-16 -4.062816342130438177e-16 1.198829722333875407e-16 -1.268124692888701372e-17 3.813714872265892421e-16 8.716533085634586974e-17 -9.601070656793096923e-16 -2.961762528618646937e-16 1.525278837633827017e-16 5.014138509921940374e-16 1.376735306102922229e-15 3.905696182234111117e-16 -1.052981060832997683e-15 1.315101341460746919e-15 -7.228002081718200710e-17 9.206012453362407029e-16 -7.651710711195276241e-15
-1.373063751641647337e-16 6.746211407386960735e-15 -2.015711396195385301e-15 8.452205775452383634e-16 1.484781896693975508e-17 -8.157044410241642205e-16 9.667349286904561208e-16 -2.584387803375537564e-15 1.238557504425255281e-15 2.556056527909663711e-14 -1.235327931399097548e-14 -8.788927303374394633e-16 -5.425559750359677774e-15 6.674006612360344377e-16 -1.642015933391810556e-15 -6.780347985286821335e-16 -4.481789695200622175e-15 -5.185550100491653618e-16 9.920185581477433367e-17 2.281706319477800927e-15 8.252863633078955370e-16 -8.764609264710204628e-16 -1.101193529277977512e-15 1.549395621252399436e-17 -1.982498618274653936e-15 -4.569508721169195802e-15 6.429796492225323283e-16 7.029054492490805905e-16 -4.636076939494296721e-15 -2.070603690324241738e-16 -2.597537788859663306e-16 -9.060871929536002071e-17 -8.928529325868383682e-16 1.357332650126700355e-15 -2.901650048522650994e-15 1.162043150297286837e-15 3.386347467828508853e-15 3.818797491508394552e-16 -3.877461276220421529e-16 4.722098276532852062e-16 1.034891200651029393e-14 4.339544060877981939e-16 8.059455925774824268e-16 2.040121728346927419e-16 -3.093577089310621951e-16 1.311604423104149466e-16 -3.436400360388577422e-15 -6.117780549650378114e-15 3.493262166816497280e-15 -9.516409007788998142e-16 1.692220444486458880e-15 2.599322727582011265e-15 -3.067541322942266193e-16 1.230930497934597106e-16 1.402751096588690099e-15 1.072009698410820423e-16 -1.015813693243523476e-16 5.878794320966542390e-17 1.411691651811161399e-16 3.355389689664593536e-17 -1.228456736830908930e-16 -2.109477101173899469e-16 -2.056116773093560303e-16 1.730482056254205854e-16 2.843657510377669820e-16 -1.701754154523355779e-16 8.481735076279037076e-17 3.320521734744732277e-17 -1.454825000669676771e-17 3.614750977865215816e-16 -1.840029454623094628e-15 1.332592130845895782e-16 4.425137537572313086e-17 -1.312670236954696000e-15 -1.529582759205484139e-15 -2.624300008266099176e-15 -4.187985427555745718e-15 -7.654226915184260057e-15 -4.774847486622249393e-15 4.854313577034764483e-16 7.513852293683896799e-15 -3.503211667478434888e-16 -5.142279457874203378e-15 -1.893834370869999393e-16 1.502469318739418477e-15 4.777407861529882180e-15 2.132483634413315102e-15 1.376714661366506857e-14 5.398542649750842300e-16 -4.441404218201123183e-16 -8.865225895788559402e-15 -4.051823156992800560e-15 -2.927799476585531989e-15 9.673265239188670335e-16 1.466623384089237098e-16 5.119385185783599821e-15 -3.135190310851016354e-14
2.315240206850505367e-16 -1.215668300076942536e-15 1.773972660325271831e-15 9.045606996416880343e-17 3.047314146777943635e-16 -1.086256138139342457e-16 2.647086215084612706e-16 -1.461683524497470039e-15 -1.065075804956608222e-15 -1.235327931399097548e-14 1.521774152654586679e-14 8.063642665596637717e-16 2.235962920100676023e-15 1.896707959592593557e-15 -7.752737119657790520e-16 9.152904757122757663e-16 -5.090528847971267199e-15 -3.512961835470179597e-16 -4.466448616946405085e-17 2.406156977851997808e-16 -2.320935141321272290e-16 4.133839022570239993e-16 3.220372378315337909e-16 -4.418769974901027458e-16 1.218284324343683857e-16 2.183916948425145653e-15 -8.314465069251285548e-17 -8.627443925913231640e-16 4.846830786557405259e-15 -1.202684829465523632e-15 7.084185484135799594e-16 7.270019190747304548e-17 1.046547718551780586e-15 1.604981305307042672e-15 5.281520625776215827e-16 -3.785815729520297661e-16 7.709923196085579570e-16 -1.220730058428134010e-17 -1.046787578387603832e-19 -4.877361303942872940e-16 5.117827311558459078e-16 2.750124405871792080e-16 -5.913640447991993716e-16 -1.128293201149536990e-16 -1.990628056672355014e-16 -2.288041576703577579e-15 4.702787793693607337e-15 3.377261108576419810e-15 -1.967892946386924339e-15 2.644920743047287101e-15 -2.000772590341742330e-15 -1.680363700843015890e-15 4.264055536963987480e-16 -2.492548823222963271e-16 1.302434220679840697e-15 9.360293692005422145e-17 1.178023038788203602e-16 1.218686591348422833e-16 2.252804203983081552e-16 4.009198428613270322e-16 1.401099394552552660e-16 8.101179932312156631e-17 4.601116050975354925e-17 -1.868777781148972529e-16 -2.774345205744799026e-17 -5.888225586535595395e-17 -1.134350364356820310e-17 -1.061169302204615462e-17 -1.578889801605973029e-18 -3.607757604996788856e-16 -1.307458105809958374e-14 -2.358254179574777099e-17 -1.940865533219883240e-15 2.320462083217762314e-15 -6.160779075653132716e-16 1.326502953185917732e-15 4.739127510728987755e-15 -2.185700246191313632e-15 3.662422365706685687e-15 -3.613733462592983843e-16 -4.257983947492545558e-15 4.725222195055376747e-16 2.850328707008428967e-15 2.893714656625813226e-16 2.348803602734955286e-16 -1.720084385591099330e-15 9.929550157080178253e-16 -8.732488821483608577e-15 3.232556971105643055e-16 7.184302797310335058e-16 2.956906782924262360e-15 -2.353004308209929246e-15 -1.976490733745395776e-15 -2.343216296296531570e-16 -1.191201069761570207e-16 5.056998626738366416e-15 3.257802460232239226e-15
-1.998245216755689474e-16 -1.606307499959506508e-15 -3.255386456905233368e-16 4.211540445040564229e-16 4.531484311395514010e-17 -2.101520417307452466e-16 6.241209828845395108e-16 -8.137959891858445781e-17 -5.763266693255453705e-16 -8.788927303374394633e-16 8.063642665596637717e-16 2.587342525366123255e-15 2.420802617751362771e-15 -6.274632325696738750e-17 3.086298382652444090e-17 2.859729363768479997e-16 9.650245768423424549e-16 -1.582426241393835617e-15 5.225670576278346179e-17 4.905168500736559490e-16 7.307286733882028354e-17 8.253869890371866242e-17 6.221141652136995647e-16 -3.312131193437721447e-16 -3.611563667920242069e-16 8.766613289436634666e-16 -2.561130813008801201e-16 -3.720972441807334124e-16 -3.194669417077482755e-16 -3.313374466641534961e-16 -2.537582027483975382e-18 7.726592657329714173e-17 7.601712289805559989e-16 -1.341725991606315399e-15 5.671690861099360415e-16 4.879685513945719582e-16 -5.455944333379461454e-16 -7.143837586838643401e-17 -1.121747774103717777e-16 2.349359695296958833e-17 6.042470948123902771e-16 -4.434735433429913958e-16 -4.789765696093810977e-16 -4.642185709067662022e-17 1.526261851348165740e-16 -7.940258645392079664e-16 1.459995247024221547e-15 1.448242465025444108e-15 3.380651353086237122e-16 -8.637246809557901901e-16 5.480551345015545527e-16 -2.872535175057580844e-16 -4.421189216520997663e-17 -9.502217824066833618e-17 1.453702016499857657e-15 1.414634467039196086e-18 1.596519187937143726e-16 5.590125787639677339e-17 2.991027223357221538e-17 1.549439710508822228e-16 6.306201601875340301e-17 7.464842525044078359e-17 1.215203501942108856e-16 -4.515823408476916802e-17 1.160227851565658169e-16 6.097171383437175201e-20 6.961214433640694700e-17 1.457257765050509037e-18 -1.047673570452617759e-17 -1.469749361867771605e-16 7.785970030701088076e-15 3.250726962625191067e-17 -2.237161044948640874e-15 -4.410179176883648930e-16 6.081834287072226646e-16 -6.168611619473924015e-16 -1.880886637415149228e-15 3.238316852025928425e-15 -3.354262458224873784e-16 3.252813587254478720e-16 2.650156828186539566e-16 -5.766151268763409943e-17 -4.949598537483007808e-16 3.584584025316360490e-17 -2.805549497680392490e-17 -3.943764790775557099e-16 -2.580972238583244567e-16 1.175547840556138395e-15 2.534744760850769305e-16 -5.579775768338696200e-17 -1.223607504855522623e-16 1.742796016055853558e-16 -6.490502530292242194e-16 -1.060027422054470156e-15 -2.954281298064151158e-17 -1.896686431498671157e-15 2.101836941993595879e-15
-1.286243111599994119e-15 1.143530974933622254e-14 -7.347408832295286477e-15 2.568763000016591920e-15 -4.031435868798899756e-16 7.746247974013333967e-16 -1.031897521009345869e-15 -2.585925568661742640e-15 2.218209830274779766e-16 -5.425559750359677774e-15 2.235962920100676023e-15 2.420802617751362771e-15 1.522224084047677892e-13 -3.123283030470104446e-14 -1.010537954679064821e-14 7.090259297857685204e-15 -3.262407031726145829e-16 -7.084337925478347145e-16 -1.491308498144819877e-15 -5.198756396510670952e-15 3.891871595934141060e-15 -2.456803938225514671e-15 2.328220331273114348e-15 -4.370693444626781821e-16 3.471844229738683174e-15 2.171267156914977515e-14 -5.873560843823629890e-15 -3.351875002337600419e-15 -4.811181056858673855e-15 -1.169548304950761819e-15 5.638401785170805098e-16 2.068638648851457394e-16 8.691918867530181076e-15 -8.507981203415009264e-15 2.277771002670934867e-15 -1.720967846663452680e-15 -3.240333501830463082e-15 1.483742896302722826e-16 2.864662446033016751e-15 2.918254734500981358e-16 -1.370930334363664396e-14 2.165175065005083334e-15 -5.730678460645691277e-16 -1.803448686489287731e-16 1.721984788073836852e-16 -5.807422926546458733e-15 1.230180047969861052e-14 -1.863623095215012257e-15 -1.709779435888209900e-15 -8.626046553757504282e-15 7.696199588139275108e-15 6.992287736616934788e-15 1.756241911870151678e-16 -3.064703038622180994e-16 -5.194728702710220921e-15 -2.003410526698435280e-16 1.384714879480397764e-16 2.701973294691208881e-16 1.012003151202239305e-15 3.963285948386137312e-16 -6.208184070741955524e-16 7.924168115234145043e-16 3.220940121373834607e-16 1.641522798964035700e-15 -5.247557335438075863e-16 3.063179970801593825e-16 1.814789077697079611e-16 -5.784502793543572714e-17 -1.908299757468122129e-17 2.220334593510876776e-16 3.587320159668713182e-14 -1.097800023235560292e-16 -1.884836357184426155e-14 1.443065837716515219e-14 -2.049052984697341179e-15 4.538008513893258152e-15 -4.392839076507120213e-16 -3.643012057898446179e-16 -3.912807018686072011e-15 -1.757590206864249691e-15 1.119717233699076154e-15 -2.909128256074019055e-16 2.724583621249678666e-15 3.869990997148301962e-15 4.523503999512628629e-15 -5.666491428697376117e-15 -8.595903495724327224e-16 -1.224771997784495838e-14 2.008109504391586585e-15 -3.352769589422776989e-15 1.975553129226763188e-14 -1.959436413077004815e-14 -3.416918574136668037e-15 -3.015272100941876455e-15 -6.687084510547963259e-16 -2.655835592971526012e-15 -2.914580294079095205e-14
4.916512527263225007e-16 1.191843717622036365e-15 2.030533543923425780e-15 -3.432424441590004532e-16 -4.502246872484372037e-17 1.360323823170936540e-16 2.992579586626840217e-16 9.591028495241488709e-16 -1.053698704371606597e-15 6.674006612360344377e-16 1.896707959592593557e-15 -6.274632325696738750e-17 -3.123283030470104446e-14 2.827854481468477248e-14 -1.432706095056636936e-15 -9.550181812070871675e-16 -3.421939235001310974e-15 -3.604079276558796559e-16 1.435967679497619173e-16 2.167621931941682861e-15 -1.382387215246289548e-15 -2.132265637930856038e-16 3.334738011132727831e-16 4.158406697906889685e-16 -3.047404574838908827e-16 2.898097846846394711e-15 -5.070448025247513733e-16 3.024705037512691494e-17 1.087570145960230300e-15 4.815361146654764734e-16 -3.344547935581862188e-16 -4.316860741767483204e-17 8.055367354340459295e-16 1.672743593901840918e-15 2.888291046185289593e-15 -4.653713396230041495e-17 2.902337942074056249e-15 -1.407782441221409043e-16 -8.885921696995070179e-16 -5.839852384892313967e-16 5.891720100425308242e-15 -6.064706564566760865e-16 8.379083945815218473e-16 -9.642105390186952142e-17 -2.393146736244915734e-16 -3.775387381024622714e-15 -2.088359813071348990e-15 9.541178218855596018e-16 -2.162150354101878087e-15 -2.132324358855781623e-15 7.518927874542275956e-16 -1.443289719766203007e-15 4.557441796789535528e-16 3.708088029413500239e-17 -1.541080857218557336e-15 5.989399493008751633e-17 -3.118389189928231354e-17 -8.876840836643251160e-18 -2.532833206357003947e-16 8.455036201278902501e-17 3.833824344241375395e-16 2.676771990962951014e-16 -5.108401566367396559e-16 -3.223460530603064269e-16 -4.033293016084512374e-17 -1.145035902752185384e-16 -6.847586028344987551e-17 2.016953900123362964e-18 1.589630033636687947e-17 -1.995142776457107992e-16 -1.080683146249420883e-14 1.585022022723948660e-17 -1.838885266359750720e-15 -5.402541081214239383e-15 3.550083562142215334e-15 -2.350244923203298297e-15 -1.461345558974559376e-14 2.065848532845281756e-15 3.926686576452035500e-15 6.794749429037743842e-16 -6.892528224405177900e-15 -5.311772819014931850e-16 4.831952996037618142e-15 -2.559954728997541250e-16 6.058036761331419632e-15 -6.215640104063081088e-15 -1.381400080300248457e-15 -2.258603821915978032e-15 7.788251882956304706e-16 -8.708310973585159151e-16 -7.744390934517918654e-15 9.409008180803716493e-15 2.017241174856761204e-15 4.907010000195071926e-15 -4.038432568025822003e-16 8.998383825347390081e-16 1.998253194592003719e-14
-6.281515065090114205e-16 -4.589923796835641019e-15 6.781617998929717213e-16 7.181326543545269999e-16 -1.595251110681615891e-16 4.179385423200285427e-16 -9.127334744749571652e-16 1.527237986602357960e-17 -1.111802596509085555e-16 -1.642015933391810556e-15 -7.752737119657790520e-16 3.086298382652444090e-17 -1.010537954679064821e-14 -1.432706095056636936e-15 1.266094907895193926e-14 -1.965611900127366383e-15 2.447225608291808219e-15 5.392160885307083315e-16 -3.878926514130543137e-17 4.841771609113708724e-17 -1.101632110328335081e-15 1.182915705836289279e-15 -2.217268901076263874e-16 1.181266079173465198e-16 5.977240251493406807e-17 -4.445797293663866324e-15 4.423298546898128491e-16 2.390883116500359150e-15 3.417326354860042390e-16 1.391755377136112272e-15 -2.449939045439864307e-16 -1.102669677353091777e-16 -3.600715312012652303e-15 -2.117253487624081069e-16 1.667777838760433918e-15 4.522868110375549081e-16 7.114650360069023638e-16 1.782233490545289090e-16 6.762497815970329617e-16 -2.000028712543323960e-16 3.213312567826710764e-15 -8.928775580612043960e-16 2.816933332578636409e-16 6.758410466105109000e-17 7.302800840538617668e-17 8.309210015067489986e-16 -2.952740540460171197e-15 2.828949684177085947e-15 9.993655365501999539e-16 4.467784538214814247e-15 -1.851189385875561968e-15 -1.808281922185743374e-15 -2.633475556436373674e-15 3.263465164046439940e-17 2.242276867827878591e-15 -9.744036247660800176e-17 -1.371258207671778897e-16 -1.712970969861882908e-16 -4.519017235922109122e-17 -2.010003708553016497e-16 1.691835680467128703e-16 -1.805749143055407690e-16 -6.238618490271077538e-19 -9.946966161172350689e-17 1.275025211593038884e-16 1.813592842207388683e-17 3.002155013229564417e-17 2.414083959755284932e-17 3.870577974574614270e-17 1.667245438480385691e-16 1.247584634389611700e-14 -6.519459143404995571e-17 1.250697118656841755e-15 1.701268047932785747e-15 -2.330812097476477469e-15 -1.665099820955341136e-15 1.181752480834188805e-14 -4.885554684505399026e-15 -2.097792674170255616e-15 -6.992183511748229869e-16 -1.652515017053342853e-16 8.968038076968517616e-16 -6.208766037850371225e-16 -3.185081507156769088e-16 -9.782617223888266314e-15 3.271801670584404459e-15 1.905938265364273661e-16 9.899768688490790536e-15 -1.412409200563338939e-15 1.459544739965722004e-15 -1.629320170570406769e-15 -3.434381797108510104e-15 -2.289991242409632961e-15 -1.937290410099831477e-16 2.256201711380292061e-16 1.771803835418197616e-16 1.009701898700327156e-14
-1.003167384026314671e-15 -9.615534053036828459e-16 -1.402652302978709397e-15 3.366148101873304468e-15 -5.218391571201601896e-16 1.753536866077083922e-15 -7.322169267681325746e-16 8.669429080302168941e-16 3.382874384526863991e-16 -6.780347985286821335e-16 9.152904757122757663e-16 2.859729363768479997e-16 7.090259297857685204e-15 -9.550181812070871675e-16 -1.965611900127366383e-15 9.933367095920135701e-15 -7.785108442055899993e-16 -1.715801452464496555e-16 -1.115242570404026930e-16 -7.784303944557860005e-16 -8.637798037705736077e-17 -1.933441111350939302e-16 1.214011153151424147e-15 -5.451840538159662013e-16 1.470466443523375851e-16 4.509602635169049018e-15 -5.204327802816301969e-16 -9.763864351280190364e-16 -2.763528903160213826e-15 -1.444005574159551908e-16 5.483456929627268868e-16 -7.737372453982564076e-17 3.532817200977943958e-15 -2.829789446541808798e-15 3.078765073572270951e-16 3.312597252835735384e-16 8.383172049791944768e-16 7.363947461772292127e-16 6.117332131229863299e-16 -4.274756787551846259e-16 2.040059117863861326e-15 -2.254142448961463863e-16 -6.948165984770088056e-16 2.791062620633297396e-16 -1.708746495230971026e-16 -4.756219161112965353e-16 -5.874278866751348400e-16 1.308252028748723759e-15 -1.369640516648019190e-16 -1.899633449321778647e-15 4.791342577407772892e-16 -3.985710109499897501e-15 -8.741935927537564922e-16 9.743597588876563654e-17 2.753940258112365003e-15 1.438990803676280891e-16 8.371412384151140799e-17 4.736462563583546355e-18 1.573577022784235672e-16 9.168356516397392629e-17 -1.307694318828589625e-17 2.150638703269695949e-17 -1.291479631084223446e-16 1.322312407940278008e-16 -6.148560882004608174e-17 9.127312403462909468e-18 4.587086487987783732e-17 -2.553961547190128474e-18 3.342169394159639836e-18 1.296489353302784999e-16 2.012782493805554193e-14 4.557731997311557837e-17 -4.544805444587289489e-16 6.357106693345294708e-16 -6.453443644209427203e-16 -8.206398387972896362e-16 -1.209543057384047672e-15 5.093294366791744882e-15 8.708646145636117833e-16 8.272441379198073708e-16 -5.001524668428969322e-15 -8.992728749296548986e-16 -4.265817054618535168e-16 6.909251313096702836e-16 4.922508159055508994e-16 -2.494290088191867433e-15 1.068837604380525346e-15 -7.686857518690023189e-15 8.161210377789849459e-16 1.008984489883574838e-15 1.887330471325630025e-15 -4.745670604605731609e-15 -4.093909263609847650e-15 2.930160198007762385e-15 -3.457769041617076260e-16 -1.851720267106998168e-15 -7.880321083669937943e-15
