3.394013793546867538e-15 -2.060067597799892183e-16 -7.725465367205836658e-16 2.147209866680308105e-15 5.207373325944900000e-16 -2.067561488441987231e-15 1.104929405455011961e-16 5.609935679222735143e-16 1.339386655636604753e-16 -3.768155213052873119e-16 5.268320660841029917e-16 -1.270399578275242377e-15 3.924714914420013716e-16 -5.546901204180027255e-16 -1.303691576143139917e-15 -1.803317988966906034e-15 -3.255197727554680226e-16 1.240214502682654303e-15 -1.695632718000036256e-16 -1.132885661260015523e-15 -5.424127317592048565e-16 3.353532626578692804e-16 -3.454289334203545214e-16 1.524043668695695299e-16 -2.666914148843593933e-16 -1.281661829658541035e-15 -7.567813015528793040e-16 -5.283467752384710595e-16 -3.991876823331454733e-16 8.354366138961320861e-16 -2.137456621212274644e-16 9.813341764709976083e-17 -7.661859459109737110e-17 1.056098051180689620e-16 -2.067153246396952640e-15 3.006664541418042954e-16 -1.359788914359649212e-15 -2.623081729276783072e-15 -6.568145429873303495e-16 1.463424467890190974e-16 -3.164545192667857566e-15 1.650956676202085986e-16 -7.565620431044524297e-17 -1.425022614843529985e-15 4.243599779186766951e-16 1.600517837637572626e-15 -2.623591793164423925e-17 9.726947836491060326e-16 -7.048427610420988903e-16 -1.773833373002593397e-15 3.697339432629568577e-16 1.200194792302334145e-15 -5.972035588394299772e-16 -2.683437654365090333e-16 2.285940534644819448e-15 -5.523739430857547078e-17 -7.709696707584967052e-17 -1.675718987728250323e-16 -2.279054995222029353e-16 -9.551532643017260175e-17 -1.799560784747932618e-16 -2.743299686021986444e-16 -2.068198054334569416e-16 -2.421640937401571133e-16 -2.470921212449245187e-16 2.594193159616635568e-16 -5.103560716707099401e-17 6.200611103016435789e-18 -7.774196787995850134e-17 -5.163734025840423082e-16 -2.866123664189065277e-14 4.145781535384395214e-17 2.616245298479408207e-15 -5.317972124453196058e-16 1.861786333959036993e-15 1.705694061755913037e-15 6.241498412044040805e-15 -1.161148547888099853e-15 -2.005231797663173233e-15 5.676639156359315645e-16 2.151837055059836296e-15 -6.495628330147528731e-16 -8.530374277720673018e-16 -6.775528576743209184e-17 -1.592630187416291378e-15 3.694162199339538393e-16 8.347549548188671833e-16 -1.016200663054516072e-15 -3.586818207893612504e-16 -1.205674466345521107e-15 2.112760281704402211e-15 -1.018649690164583357e-15 2.668306388481133942e-15 7.420257555589427843e-16 8.656762923709018028e-17 -1.879472884329769992e-15 1.286322308563584500e-14
-2.060067597799892183e-16 1.089260524778586909e-13 -5.993551622696660500e-15 5.743088565540447292e-15 -1.637229281399955470e-15 -3.463106276591131324e-16 5.221395313232714971e-15 -3.474528560201186294e-15 3.398215695003930709e-16 4.464461438173098043e-15 -2.668579049165253265e-15 3.236338430743413183e-16 1.821285865525136514e-14 4.860729987472026996e-15 1.619598359699602239e-16 5.396508470346297396e-15 -3.879395500628374362e-16 1.004804516906966570e-15 -7.032657160869802612e-17 6.651236895565872950e-15 1.102904888488375012e-15 -5.135022701581157175e-15 -1.180927244888390130e-15 1.338944830354689354e-15 -7.314555993305729918e-16 -2.984736277677525200e-15 -1.916870234148773756e-16 -1.241522583370594030e-15 -3.372793142416371230e-15 -4.813450630202303216e-16 3.485401607478972421e-15 1.536026472450082684e-16 -6.903479612753830574e-15 -1.080142144699261456e-14 5.995042581663292724e-15 3.293926445779154870e-15 -1.273861905717505013e-14 4.090271984781641268e-16 -2.003998207694764187e-16 4.192928791808050555e-16 -1.200442033248862134e-14 1.882281484722179823e-16 -3.801822593089960518e-15 -7.771641601047568146e-16 2.199631932422367071e-16 -1.036259012119353729e-14 -1.409998395367180760e-15 -4.957407068190750631e-14 1.238799721153608953e-14 -1.270005748384962030e-14 1.124739693904174843e-15 6.641799652009351031e-15 -3.675136907360445144e-15 -4.986075600718225077e-16 1.017478115441331372e-14 3.367355509131631356e-16 8.216589453034650445e-16 -1.246213441501192454e-16 1.084784317213149132e-15 -5.914469082734691847e-16 1.993263651195101497e-16 1.114927243839874980e-15 1.403366215073015245e-16 3.452757538706695748e-16 -2.421945863703855577e-16 8.223235272573673518e-18 -1.924082138840145559e-16 5.398695864324853418e-17 7.826325568642021133e-17 1.628864488500812237e-16 6.769769004837053106e-14 -6.396407210658369160e-17 3.331027932603839330e-16 -5.697241442872027194e-15 1.355220037452114125e-15 3.655964805626908030e-15 -1.113895440302600220e-13 -1.081176446680104870e-13 -1.419840857416985856e-14 -2.962626859461552296e-15 5.228961963436921925e-15 3.232478221014409988e-15 1.112822489724438098e-14 3.470113682656951790e-15 4.013025981645146921e-15 -1.756651588434824911e-14 7.632139855174166516e-15 1.593944408971950332e-14 -9.868252417887915374e-15 6.709784921162870749e-15 -3.109113194009974165e-14 -7.509470544058299686e-15 -5.603501969313101812e-15 2.390886880394608197e-14 1.305967492199466336e-15 6.850133817204616997e-15 5.800215276719796085e-14
-7.725465367205836658e-16 -5.993551622696660500e-15 1.223206772589615980e-14 -6.807249232135271014e-16 3.109048783458846946e-16 -2.134101467161283085e-15 2.297721851242021119e-15 -1.274887733701394639e-16 1.051946713271986446e-15 -1.363490325876034113e-15 -8.560905810836807252e-17 -6.321979266530076155e-16 -5.096414392729444843e-15 3.118322844615695795e-15 -8.710608009005017597e-17 1.707144889975162788e-15 2.773953612176291501e-15 4.575616209144055429e-16 1.439625089622430445e-16 -1.552946452696869082e-15 6.404707330762704086e-17 -6.803203163102645566e-16 1.925920354049435507e-15 -1.135982648714109677e-15 -9.673913017156853639e-17 -1.570552275522018089e-15 7.436287060824553631e-16 -3.099450076272965606e-16 4.910373345444476917e-15 -6.742899277162595816e-16 -1.080780934816855894e-15 -2.667978363713741996e-16 -5.991235780365236954e-15 -5.404605023234318850e-15 3.342715729707719532e-15 -4.340234659337177742e-16 -5.102500635259009331e-16 1.052902545802335779e-15 3.310685971417357431e-16 -1.186071800924088018e-16 4.962476435869357829e-15 -7.703902659719645269e-16 4.553072688424048942e-16 5.344543107472444004e-16 -1.935545877585176781e-16 -2.928786874897423805e-15 7.342893124397513121e-16 1.231177090876451634e-15 -2.814651489300673052e-15 -1.976052263425475511e-16 -3.967525944142853660e-15 -4.778732153953550624e-15 1.402483643168677747e-15 1.008890382443300146e-16 -7.839284752244149814e-17 2.745425725468230366e-16 -4.500327241373862606e-16 3.396672149286987221e-17 -2.693767084371290402e-16 2.854264065519661842e-17 -1.207078317554915310e-16 7.793152698431277602e-17 2.591076629827930903e-16 -1.328224768729514066e-16 5.589559547184798532e-16 -1.463706339016924330e-17 9.485163399547234237e-17 3.040206137153233345e-17 -1.224538825337502998e-17 -5.956724008301263530e-16 -2.458836135305606529e-14 -1.560589023764399187e-16 -4.268057856347841203e-15 -5.309567552985851800e-16 -1.590049269514266594e-15 -2.484885031197946166e-15 -2.629377478718187765e-14 2.234289387626358928e-15 6.620082975265782562e-15 1.950349392465246674e-15 -3.286415114873045416e-15 -2.850245176671699796e-15 3.458617497902051084e-15 -1.654229962383730056e-15 7.407421599833880567e-16 5.899891194630596446e-15 1.709953397065796647e-15 1.886049046943376712e-15 -1.434696404021451010e-16 2.461739009763028376e-15 -1.292894118064474193e-15 -6.526992084354160762e-15 3.952631150828077041e-15 -4.835338684677914834e-15 1.882894546090723347e-16 5.951284398706600165e-15 -3.328296256902921465e-14
2.147209866680308105e-15 5.743088565540447292e-15 -6.807249232135271014e-16 1.919649617522856343e-13 -6.816984272771719399e-15 -1.340729077199508843e-15 2.461948776068537659e-15 -1.022507007635035267e-14 1.383802659466588267e-15 -9.110569491031255914e-15 1.067343100000683724e-14 2.472433879123508399e-15 -7.458924757989176250e-15 1.481446210347381225e-14 -9.988578790250984491e-15 2.628234998824183098e-15 -5.567520554555036787e-15 -2.855426392400668010e-15 -1.840473246640599856e-15 -5.347571036020231492e-15 1.304613121259448525e-15 5.563328690669715947e-15 -7.013448825159586381e-16 -5.152988320121113468e-16 -2.801008775590913572e-15 3.963803890428107249e-15 -2.601565842440340962e-15 -3.921129643235201347e-15 1.704432188130100883e-14 -1.462760192052825413e-15 -1.807437589653858169e-15 -6.921950131956119722e-17 -1.353448314951522999e-14 -2.910709799303428283e-14 1.502708578744611583e-14 -2.850658149285886818e-15 1.906995761685861624e-15 -6.001049473702879224e-16 -1.305059640226433269e-15 1.121255885268307127e-15 -1.483615243200764770e-15 -1.186932755335033011e-15 6.165180048536244646e-15 -6.330657857993787086e-17 -3.821323308448274050e-15 3.465533390321881983e-15 -9.398203824381511409e-15 -2.164794532064751470e-14 6.599460002339312736e-15 2.997801202349942820e-14 1.725005677731715061e-15 1.057115776870445244e-16 1.932192959958226074e-15 -8.155271860511536802e-16 5.454534374228057703e-15 1.555820560475097006e-15 4.862325262299181190e-16 5.357400911748104009e-16 6.807860710382854924e-16 2.591512776903879283e-16 1.741610873744739633e-15 5.577285324817297454e-16 1.928704765276125666e-15 9.653238740927363660e-16 4.563145039243913022e-16 1.052212533679664428e-16 -1.622831392767847199e-16 1.583899016719597400e-16 1.771926480737433607e-16 6.723024849105970575e-16 -2.875278955615446090e-14 -6.149711194312027971e-16 5.410191312406703610e-15 -1.133941285843208420e-14 -9.561294516894378841e-15 -3.616130188970185295e-15 -1.420128341373400808e-14 -1.609109342862715907e-14 1.573123132115381241e-15 8.023857194502442451e-15 -1.414869622978285809e-13 -6.753491956799119231e-15 -2.836764517671920427e-14 3.557722910604272999e-15 3.502862488949798778e-15 2.823295056594917842e-15 5.245625311139553024e-15 2.333826807577563490e-14 -3.149426085454603871e-15 1.548254358675563467e-14 -3.333790251357908122e-14 -2.053288124841099022e-14 1.930099919168129807e-14 -4.772131307471245095e-15 9.971052830692939525e-17 2.909229930797998829e-15 -1.167585333659022524e-14
5.207373325944900000e-16 -1.637229281399955470e-15 3.109048783458846946e-16 -6.816984272771719399e-15 5.288602449673859207e-15 -2.098367869079903214e-15 3.210641207994574099e-16 2.462144533529217536e-15 -1.042993470141570141e-15 -9.677549305134659120e-16 1.631684693215175245e-15 -9.403586360883921889e-16 1.422637961826726694e-15 -2.617669383815328438e-15 5.062231414564238919e-16 -1.110361608009747587e-15 -1.335989798204072832e-15 1.188432455058510422e-15 2.658475434880256234e-16 7.680302457301447392e-16 -7.295484022942855703e-16 -2.620200349710539416e-16 5.315438807726056835e-16 -2.998839149712691325e-16 3.650785777903095081e-16 -2.867563386989463993e-15 8.630482867371289108e-16 -1.375982691969059224e-16 -7.179211171278714680e-16 1.818954442367602509e-16 1.150654266283636331e-15 2.005332501802482414e-17 -5.531214430642835842e-16 3.021716871904630792e-15 -1.974711050654182532e-15 6.476127239353778641e-16 -1.179545004224926529e-15 -7.893314802922828794e-17 3.896945858934892926e-16 3.389191068261100063e-17 -2.778689171827834447e-15 9.006513107060493565e-16 5.410985861424592543e-17 -1.424768814843573066e-16 1.077151532026873799e-16 2.856251394998195937e-16 -9.627114844421922603e-16 2.326067406296192364e-15 -1.045121378907837911e-15 -1.947428629089559086e-15 -5.681043571468855516e-16 1.136467125568185183e-15 -5.305304932332101946e-16 -4.172744503377066318e-16 -8.874048990100763854e-16 -6.457501405475513711e-18 -8.050915395389850418e-18 -1.452277233742481326e-16 -1.685816541518431252e-16 -1.308064367536701114e-16 -1.888690097230873951e-16 -1.645713373750061341e-16 -5.186213534786181294e-16 -4.058765934631581544e-17 7.072326229221603210e-17 -2.478166421628714999e-17 4.247659815998912244e-17 2.489631913619711315e-17 -4.993372960321878072e-18 -2.677963270016756329e-16 -2.049536631900263906e-14 6.837065224624996782e-17 2.144029814265918273e-15 -1.748869972287338840e-15 3.673866746910795917e-15 -4.565810582495157012e-16 5.287250221240344182e-15 1.221178274297570414e-15 -2.357303103832034729e-15 5.608878107973843783e-16 9.246420853506526879e-15 -3.593555069298352462e-15 -6.103843174938165947e-16 -7.957436223492366779e-16 -1.491199505209560449e-15 1.437461813263791261e-15 -1.049948455389349709e-15 1.048888612172863153e-15 1.022437088270012885e-15 -1.079961945821538428e-15 9.666513384843670200e-15 -3.631051161754886060e-15 -1.523078525285984127e-15 -7.490510149588859779e-16 -5.958545282604956436e-17 -1.995774413119134011e-15 -5.326578002285166978e-15
-2.067561488441987231e-15 -3.463106276591131324e-16 -2.134101467161283085e-15 -1.340729077199508843e-15 -2.098367869079903214e-15 5.083770476902486306e-14 -1.056549241808324470e-14 -1.617659701093333798e-15 5.066558841499131194e-16 5.770853812931099854e-15 -3.054924908645434173e-15 1.785184643669193134e-15 6.663211453006457961e-15 -7.433015200061164638e-15 -1.983266919147701802e-15 7.139984001056717225e-16 -2.144623150376592684e-15 -2.289055097296621111e-18 9.478281430227187604e-16 -5.506219840448695990e-15 8.254051087944781756e-16 -2.777571136345766019e-15 -1.635411704296440569e-15 8.886140041528242543e-16 -2.645147103877538091e-17 4.116017085140092928e-15 -3.130030022963336266e-16 1.718286028278304454e-15 8.811834753983856220e-16 -2.939382321395428308e-15 -6.675311245519819467e-16 8.057855403471185334e-17 -1.247981510783592440e-15 8.260510358370011946e-15 6.741355960391006295e-15 -1.320807881525080971e-15 1.970544945014786572e-15 1.226269025338460854e-15 -9.348865239527227835e-16 -8.239498762064697730e-17 1.012112225556598981e-14 -4.391675678353493059e-15 -8.321883823142183411e-16 1.258257406860542381e-15 1.306072233475892660e-15 2.814302789796378323e-15 -4.782404629266952308e-15 -2.859367074305771530e-15 3.185278319422433781e-15 -1.305031056244740107e-15 2.761220328579940196e-15 1.248116908876250305e-15 -1.434878990574451609e-15 -3.281446081670153254e-16 8.604858369519443547e-15 3.875786053966697167e-16 -7.653144360358838434e-17 1.874399764930520376e-16 1.351600038822754182e-15 2.719368878936160085e-16 4.604364752225027416e-16 1.077680437986774028e-15 3.711525358247879612e-17 5.114192452425492614e-16 2.916473590200613400e-17 5.738547838211008942e-17 -2.339883536993492454e-16 -1.516613316378464618e-16 3.321266204984407051e-17 8.878530812258612094e-16 -6.000118913396371564e-15 -2.062246859629204961e-16 -2.373637003702006095e-15 -2.368318577279682839e-16 -5.090503266128289993e-15 -2.878657235047002133e-15 -4.217200381345335916e-15 1.376910482805794392e-14 -4.905142363859677339e-15 -2.054249693592095347e-15 1.263141605155241789e-14 2.647334115789102706e-15 -6.799178741360100729e-15 2.276685011943870844e-15 -1.862504587737152251e-15 -7.499925119433649800e-16 -5.352580048319130768e-16 -7.946306898819610966e-15 1.319151080473645252e-15 1.005200501682767838e-16 2.000649220762169501e-14 -3.444165493596729391e-15 -3.733818517542764414e-15 9.875246306749794025e-15 -3.692859043619241170e-16 -7.106478969052755198e-15 9.816468558261652900e-15
1.104929405455011961e-16 5.221395313232714971e-15 2.297721851242021119e-15 2.461948776068537659e-15 3.210641207994574099e-16 -1.056549241808324470e-14 2.497517254129732224e-14 -4.633232438148650106e-17 -5.853135349585497660e-17 -3.265698051496815596e-15 -5.886949559988664286e-16 1.513954849575445900e-15 -1.170061791536528528e-16 5.843622547107246684e-15 1.984135623766158367e-15 7.154952123787665394e-16 1.420782689871598879e-16 -2.371097062950785048e-15 4.787476838273404775e-16 9.856359800060806504e-16 8.561092299586547767e-16 6.300696748016332933e-16 2.821898864886648743e-15 -1.171086865051974531e-15 -2.363432319855292346e-15 -3.431764001422032267e-15 4.017741758584626022e-16 2.813322883734009692e-16 -3.288941060168496706e-15 -4.372931353753054859e-16 -1.511016528560941084e-15 -1.087189568244877670e-16 3.248457068220015111e-15 -1.905332080017535747e-15 1.488937962467919457e-15 -1.176138129203735595e-15 3.937131242856673414e-16 2.611210585385100868e-16 5.643350653118702165e-19 -5.323161319343262314e-16 -3.070286832864063862e-15 1.856596748130648913e-16 9.870739387995112174e-17 -6.483311675107939715e-17 -9.144693823289536172e-16 -8.825249469981836750e-16 -5.697860308751516981e-16 -2.749187432366001008e-15 -6.352977532255703969e-16 6.652015250824239968e-16 -2.696737320331262457e-17 -2.013983791900334907e-15 -1.890477798872563452e-15 2.178603796544810778e-16 -2.233631216705373061e-15 1.233264389147026195e-16 -3.580958688871828575e-16 -1.044339730202207113e-16 -2.647914285886674911e-16 3.318776484690961574e-16 2.651371347796135902e-16 8.277570475546778264e-18 3.213948418391971515e-16 -4.146393078357834714e-16 4.273426464128074061e-16 1.306351879441584217e-17 -5.753583462264598701e-17 2.647671343458090511e-18 -6.776589636130401047e-18 -3.370311583194342100e-16 1.689692116759225554e-15 -8.535623941476397090e-17 -3.330242002613817531e-15 -2.261288350498165672e-15 1.123097722084565942e-16 -6.712317033561197305e-16 -3.342083725416256366e-14 -4.381771275401280104e-15 1.870317476067592728e-15 2.694810105423780104e-15 -6.115564015853164496e-15 -3.185469555505186279e-15 3.053217404846626522e-15 -5.374366306852634783e-16 -1.802431370323544332e-15 -2.243007662832557097e-15 -1.665824737841352394e-15 1.537439660780023665e-14 1.501777394265622755e-15 -1.004724870125683405e-14 -3.162981191107372673e-17 6.579362725778165516e-15 6.367912038513477804e-15 -4.739914249455160166e-16 -2.286446857154796323e-16 1.676057492174151459e-14 -2.367090578708624864e-14
5.609935679222735143e-16 -3.474528560201186294e-15 -1.274887733701394639e-16 -1.022507007635035267e-14 2.462144533529217536e-15 -1.617659701093333798e-15 -4.633232438148650106e-17 2.115254577740847765e-14 -1.525994139247491202e-16 -6.669818858885830397e-15 -2.955663624738188236e-15 -2.119037304716970421e-15 -1.475958025921477245e-14 -2.692935798840503349e-15 -2.072796580702534231e-16 1.530797848645113684e-16 5.041135516236501334e-15 1.902704645276477491e-15 3.297505535059469786e-16 2.336371593299009056e-15 -2.858287279138068333e-15 -9.046490680331827908e-16 -6.067072366433210740e-16 -1.091080931608647724e-15 6.189201186716441082e-16 -3.459808532724743687e-15 3.025793206261220582e-15 9.174504881368608781e-16 -1.180586541588004763e-15 -8.861957427729828371e-17 2.553788172014549556e-15 2.907971754350970486e-16 1.263124241167021820e-14 3.463327589794438481e-15 -5.319574723915441404e-15 4.723898759537395331e-16 -5.158169533387716658e-16 2.991318386598813245e-16 -3.736400800108956270e-16 4.485255346090311957e-16 -4.933308632662808603e-15 -3.008115423729218144e-15 -1.247325401048578307e-15 -1.404822776098890647e-16 1.123283298752073304e-15 5.396029080683792926e-15 1.324727186246195172e-15 2.372290335024681167e-15 -2.389552933271041140e-15 -1.035761854618520507e-14 1.768867919883359487e-15 -3.518032307221856000e-15 -1.497426188623491021e-15 -4.467852352822583551e-16 5.929086970496240667e-16 -3.372290283976897267e-16 -5.779499871888620238e-17 -1.996505277292310019e-16 -1.694497240029389040e-16 -1.280767705764979396e-16 1.148078553978219161e-16 -5.080244763242368424e-16 -1.101411895367291801e-15 3.582124334594390723e-16 5.275690826238640592e-16 4.381301159466893526e-16 -2.318756221268874606e-16 5.511654152117312373e-18 -5.046384119929176505e-17 4.472204106784275007e-16 -7.206482149167449211e-14 4.048266348980029005e-17 -1.676249010235280603e-17 -7.735035919014913204e-16 -9.313117553725922391e-16 -1.929939057456265286e-15 -4.184671132845173519e-17 -3.233188528324698712e-15 -3.538989670229210640e-15 1.908331737900214846e-17 2.027586185482744550e-14 -1.117784267022747053e-15 -5.398404976774797616e-15 -8.222535209162667308e-16 -4.230736698692330912e-15 9.829689392109496397e-16 -3.933865183971065295e-16 -1.307457574457938915e-14 1.694915016769697865e-15 -5.737885445369501532e-15 5.892815529708668334e-15 -1.180838343689626283e-15 -1.543497552191399174e-14 6.531743473170197763e-15 1.894070479039561643e-16 5.592721803741789299e-15 -1.963910906103435986e-15
1.339386655636604753e-16 3.398215695003930709e-16 1.051946713271986446e-15 1.383802659466588267e-15 -1.042993470141570141e-15 5.066558841499131194e-16 -5.853135349585497660e-17 -1.525994139247491202e-16 4.793833000280130316e-15 2.178288985247190281e-15 -2.467427652056747312e-15 -2.181442214464005499e-15 7.712978201405105517e-16 3.248272193553106752e-16 -3.279417008513519513e-16 9.285467057287074489e-17 2.467902864534931791e-15 2.288164913936037751e-16 -2.712800393645130164e-16 -8.955411346503487892e-16 -2.914689618668998980e-16 -1.199679180263948275e-15 -6.382095087911106584e-16 -3.217041520296710438e-16 -8.694840360648303277e-16 6.169595939959997109e-16 -1.345613024113183757e-16 3.690997035078627704e-16 1.033925961964334412e-15 -2.670261718396610246e-16 6.960793847174653005e-16 1.656726257739441951e-17 -6.286191130724687750e-16 -1.031961153226125853e-15 8.206640508838992857e-16 -9.574160178308096216e-16 2.695445177229570325e-15 -3.380774691502831845e-16 -6.846770859652274716e-16 1.554964768519259474e-16 -2.110010896913238584e-16 -1.212983564392271212e-15 -1.060971472826905825e-15 1.335071073027511507e-16 6.078835902877496110e-16 6.379998542297174001e-16 -2.427086547293623724e-15 1.442812889619875976e-16 -5.385912743292097884e-16 5.407612637757950656e-16 -3.332192223917553278e-16 1.046446997042556741e-15 -1.438427043640975997e-15 3.969794736179117149e-17 -1.959561991564946476e-15 -6.021866454894244308e-18 3.699081485801820043e-17 1.220667814541487668e-17 1.946762939665527874e-16 -1.789983139652524891e-16 -2.533810705146103468e-16 -7.999756127197824520e-17 3.155402405671107754e-16 -1.725098854016540152e-16 -1.907730288614556933e-17 -3.700975395670112224e-17 2.477875074255167548e-17 -1.197416879483698112e-18 -2.851447329732617993e-17 -3.856747302957059399e-16 -1.049424735016905306e-14 -4.059358548382969766e-17 -2.733445902192530637e-15 3.957390135046704608e-17 1.103613564576644729e-15 5.827813701136243944e-16 -3.365276611238349063e-15 -1.713076430233104279e-16 -2.480635614532061530e-15 4.392275302217067354e-16 3.870869266298296095e-15 -3.556345158172661081e-16 1.321431146747455734e-15 1.796932699854728504e-16 1.103828043648220366e-15 7.757504705182361050e-16 -1.501206444805529064e-15 4.891320585275821926e-15 -1.591208574836573398e-15 2.934244853730328020e-15 -5.772081722584686382e-16 4.818779431169021538e-15 -2.107594191507999554e-15 3.167374119871038676e-15 3.325389516968975592e-16 -1.311319975728953902e-16 5.078065721011733911e-15
-3.768155213052873119e-16 4.464461438173098043e-15 -1.363490325876034113e-15 -9.110569491031255914e-15 -9.677549305134659120e-16 5.770853812931099854e-15 -3.265698051496815596e-15 -6.669818858885830397e-15 2.178288985247190281e-15 6.402701902082647677e-14 -3.096495734633738849e-14 -3.426032234107654517e-15 1.454841222589702287e-14 1.833668615539482575e-15 -3.765407190629949113e-15 4.155199187444640800e-16 -9.850447994538029761e-15 3.383368845841337316e-15 -8.832539311239420854e-16 -1.988778165399836398e-15 1.907447354408973129e-15 2.572925193319170774e-15 -2.451061128404097932e-15 -2.751870634215895896e-16 2.093156535038875962e-15 -2.716324157878299796e-15 1.075944693722335268e-15 -1.750626726505381893e-15 7.433805011976570777e-16 -6.576176604186788062e-16 3.843445811507400117e-15 1.222623002575087466e-16 8.638358639926611148e-15 -1.450228421142248294e-15 -1.609171643521582539e-15 -2.753171985881917072e-15 1.293173936889145547e-14 -1.005395504488484197e-15 -1.223522567928258328e-15 6.989083506364285754e-16 -5.483703558382265286e-15 -3.497895424360953579e-15 -2.014461452047714227e-15 1.737092072164357447e-15 3.398255927432664477e-15 -6.980219403897560537e-16 1.829944465099438181e-15 4.544061042995308540e-15 -1.356920593615961942e-15 -8.668453725923605443e-15 3.826822030662620834e-15 7.871790346801938957e-15 4.795309095968896694e-16 -4.726287093227473190e-16 1.068073260077710435e-14 -8.806339394848307417e-17 2.674233916564531876e-17 1.856952082994263561e-16 7.098194769436997865e-16 1.555178144039708771e-16 9.203976510914456199e-16 8.847937776239265344e-16 4.316036216704181351e-16 2.202764290395118576e-16 -1.212274824640384907e-17 7.600863583876571118e-16 -3.661047968582228485e-16 -1.525650587094513754e-16 -2.376265023095811101e-17 -1.862116992033069259e-16 -7.426062070004153430e-14 -7.483916553963662348e-17 -1.589606310172088352e-14 -5.171928950661544081e-15 6.319296041913835600e-15 3.016162903633156444e-15 -1.166916678048046603e-14 -6.658398001561531868e-15 -4.287057604712555186e-15 3.803048625625155298e-15 1.039850815165693189e-14 -4.066450971495563784e-15 4.525941519619186135e-15 9.937681624918111403e-16 -3.989266331455476085e-15 -1.209610563828509650e-15 -3.586983391144401247e-16 -1.521735653789655984e-15 -4.830634731449827047e-15 7.624600902194431099e-15 1.157619432213334976e-14 4.779952181326626891e-15 2.022091915608126697e-15 -1.378389025232840459e-15 6.633760039406199284e-16 -6.626958169081889997e-15 4.851338909714757855e-14
5.268320660841029917e-16 -2.668579049165253265e-15 -8.560905810836807252e-17 1.067343100000683724e-14 1.631684693215175245e-15 -3.054924908645434173e-15 -5.886949559988664286e-16 -2.955663624738188236e-15 -2.467427652056747312e-15 -3.096495734633738849e-14 3.528304702271144059e-14 4.021896314031878154e-16 3.094213039118752131e-15 1.671684187275706152e-16 -2.405115368320106865e-15 1.423039069203833765e-15 -1.080766928566184571e-14 -1.065482314580241479e-15 -2.186587081875600699e-16 6.754775034855533525e-16 -6.484190491620965655e-16 -1.905182686282966533e-15 -6.395851211967806788e-16 -4.609881203376536097e-17 -1.648598242194043579e-15 -3.765316184751706930e-15 1.672767338408441371e-16 5.217587065817837129e-16 -1.633106937935643095e-15 1.417748690261750411e-15 -1.405548528779157483e-15 -3.887041947242504634e-18 -8.256317513511733908e-15 -4.789237262110041597e-16 3.160389616653977184e-15 2.507138309964272745e-15 -3.676926502612564744e-15 -1.839336932492915079e-16 1.007689942510312800e-15 -5.081101168013826283e-17 -6.857463301461001166e-16 1.201218339403123311e-15 1.928247154392632170e-15 -1.459750911127591407e-15 -1.951793704849265477e-15 5.804671679381559877e-16 1.557921145893777898e-15 -1.042064400582249175e-15 6.187837875970845961e-16 1.072400973917477077e-14 -4.169955259301905120e-15 3.030825853354673148e-15 2.811000938394909992e-16 -7.253128880460159368e-17 2.130270252743271447e-15 5.830760501451849652e-17 1.654687022924904758e-16 -9.036211055222699494e-17 -2.782603766619503046e-16 -4.635889255885239977e-17 -1.459393983108603583e-16 -1.021469081240464622e-15 1.741005916495049123e-17 -3.207905986012857890e-16 -3.962768140525455949e-16 -3.747042037301668901e-16 2.590828528074038012e-16 1.319512071768730910e-16 7.052494539745041648e-17 1.553011877473321388e-16 6.433416390319160522e-14 3.311060036278565491e-17 7.624886269653567608e-15 5.825181744350624696e-16 -7.007208466038747393e-16 -1.984141900402026774e-15 4.276412548621996411e-15 1.109926594443507476e-14 1.446008788369970621e-15 -1.837963472357130740e-15 -1.025652974142285607e-14 2.283679864953352376e-15 -1.037235716492385136e-14 -8.033404751497972581e-16 8.333902128243380712e-15 -5.610431461130564357e-15 9.187958553523954249e-16 1.062482234456020228e-14 1.236830650889549440e-15 -1.737845172515205007e-15 -6.264245647537801793e-15 -8.894802425569700804e-15 8.645571428799144186e-15 -1.328188024130253788e-15 -1.881359990552777485e-16 4.935911539656899830e-15 -2.707800302368309026e-14
-1.270399578275242377e-15 3.236338430743413183e-16 -6.321979266530076155e-16 2.472433879123508399e-15 -9.403586360883921889e-16 1.785184643669193134e-15 1.513954849575445900e-15 -2.119037304716970421e-15 -2.181442214464005499e-15 -3.426032234107654517e-15 4.021896314031878154e-16 9.284186715977689454e-15 2.544463252052155124e-15 2.933438063214317050e-16 9.658324117320578294e-16 1.134978268413744757e-15 2.317459024347846097e-15 -6.166013944786008327e-15 2.794282393581969749e-16 -9.947905299608238285e-16 1.492324197449667118e-15 1.381626748691004123e-16 -1.081113145474627610e-16 -1.838468824282065469e-16 -1.389354302749908176e-15 1.266937692210096827e-15 -1.585436722676279923e-16 3.120188756668959047e-16 3.760670848920326483e-16 -1.279508528235548726e-15 -1.656388911797088527e-15 -4.367635076380865142e-18 4.954725486635194246e-16 -4.637380477989540003e-16 1.023230240624437069e-15 -1.407174708753894100e-15 1.097155832748556217e-16 7.924470459549341001e-16 4.263652744793201759e-16 -4.436778317202135975e-16 7.213838015211822617e-15 -6.125263437751194842e-16 -1.906373238054909818e-16 -1.398326188261621224e-16 -1.309679301785575952e-15 7.819406339632952938e-16 -1.309568476771641449e-16 -2.203276218408632542e-15 2.302888222739919974e-15 3.604423432762507742e-15 1.459296840325330620e-15 -8.116897838961418284e-16 7.005039665123166817e-16 1.791385470789135461e-16 -1.917911522801459015e-15 3.062312534877869930e-16 8.647522169832728432e-18 4.095165571817148886e-17 2.233481832237175567e-17 5.412245932720812502e-16 6.188147579856363541e-17 3.690339199398612751e-16 4.547612063804127076e-16 3.118147820986339405e-16 6.470090789578652224e-17 -4.492259916830836039e-18 -7.056731894261961402e-17 -7.856181115592444981e-17 3.484228134605196745e-17 3.213784267076174176e-16 4.735701311362531067e-14 -1.043237672273788655e-16 3.571769999114296219e-15 -4.815881909281120448e-16 -3.812622865137935773e-15 -1.906136573093398600e-15 -1.277918169242628451e-15 1.446113866053213952e-15 6.372744492011826712e-15 -9.679282710803931777e-16 -1.162392002745500983e-14 1.165829611701618455e-15 2.407962019455495284e-15 8.034661766033491566e-16 1.288710454536514939e-15 9.300671750418144205e-16 2.095442386877828116e-15 -3.522485768772320371e-15 2.876928767806460447e-15 -4.838959336630720805e-15 -9.560825990075103034e-15 3.299699702524535063e-16 2.508332056866646753e-15 -2.773426200114648388e-15 -5.365593313766648396e-16 -3.352014530106079096e-15 4.718364110427525994e-15
3.924714914420013716e-16 1.821285865525136514e-14 -5.096414392729444843e-15 -7.458924757989176250e-15 1.422637961826726694e-15 6.663211453006457961e-15 -1.170061791536528528e-16 -1.475958025921477245e-14 7.712978201405105517e-16 1.454841222589702287e-14 3.094213039118752131e-15 2.544463252052155124e-15 3.392115774731365699e-13 -5.978590488246256714e-14 -1.260057515148494410e-14 5.222250545524679974e-15 -1.777836487259965358e-14 2.011037237317480996e-15 -1.966142776941320846e-16 5.539225660437910764e-15 2.901403184221270031e-15 3.006993767486052239e-15 -3.743363749955626540e-16 -1.372429387554746562e-15 -3.457532671248103687e-15 2.895024977495222408e-15 -3.799821436893513108e-15 7.070356215374809772e-15 -1.057326751098921381e-14 -2.006184686625011395e-15 -2.863234066552254858e-15 -3.455644338155012079e-17 1.696549600927266798e-16 -8.074051511145724268e-15 -1.258585760263043874e-15 -2.328422879432368777e-15 1.264580530476310856e-14 -9.668277028220747437e-16 -1.890937739276429887e-15 1.039944777217415056e-15 3.038264098531011860e-15 -8.797664616984734019e-15 3.091624745486239138e-15 1.018491810173910085e-15 2.118018826492299874e-15 9.784387216643339388e-15 2.321315028818716814e-15 -1.279301710504840006e-14 1.156068135423963560e-14 1.288367519050774758e-14 4.382784353648090634e-17 1.618747276305764008e-15 4.380231686412174493e-16 -6.446445213714438627e-17 1.133866023202812696e-14 -1.760110380843214851e-15 -3.960449943983258876e-16 -3.239594556177889158e-16 -4.494061443794733775e-16 -2.481109067980134638e-15 -6.699937891434983887e-16 -1.413371590608263861e-15 1.258841915870940315e-15 7.153282649616256114e-16 -5.151662999943509897e-16 1.517156579330423353e-15 -4.926424329066372221e-17 5.098829053983109174e-17 -2.386183551493324743e-16 -1.849770528975781244e-15 7.590852891119611814e-14 -1.013737925327542305e-15 -2.063071289764053024e-14 -2.945945682381622018e-14 9.621848531060940032e-15 1.859447635874629317e-15 5.280824233113341362e-14 -2.775324106987304420e-14 1.194711809882130327e-14 -2.674931937974076520e-15 -1.803409593378437645e-14 1.473525133817203941e-16 -2.806759649837321439e-15 6.379458019297536809e-15 4.541884184338339359e-15 -9.091909370194096832e-15 2.699173708342764323e-15 6.649258096158263645e-14 4.313957999111695642e-16 6.724338139609769704e-15 -3.465079200576744923e-14 3.430279961863342200e-14 -6.452065067166189210e-15 3.127374942071638738e-15 -1.164658815466671467e-15 -2.132694408415048146e-14 -6.113166332401918720e-14
-5.546901204180027255e-16 4.860729987472026996e-15 3.118322844615695795e-15 1.481446210347381225e-14 -2.617669383815328438e-15 -7.433015200061164638e-15 5.843622547107246684e-15 -2.692935798840503349e-15 3.248272193553106752e-16 1.833668615539482575e-15 1.671684187275706152e-16 2.933438063214317050e-16 -5.978590488246256714e-14 8.278584372580835479e-14 -3.340389162955567552e-15 9.054090371553735212e-16 -4.987124116160150634e-15 -2.225407911202596350e-15 -9.875808078592879010e-16 -1.399718859145323642e-15 4.218754830299054322e-17 5.029622206472812251e-15 3.538396747354580456e-15 6.473337967577561554e-16 -2.012541954585930661e-15 -7.600277611797455221e-15 4.395039793189279797e-16 3.719919024435666742e-16 4.897765580050332397e-15 1.511944977032261455e-15 -1.065941340229827601e-15 -5.865096841572522001e-16 -4.352235863610108979e-15 -8.468208025710292687e-15 4.547405327206038007e-15 2.966447769439487033e-15 -1.483285548585623694e-14 1.149592737741409295e-15 -1.038661240973972218e-15 -8.558578814811533580e-16 -5.684495405075120081e-15 2.961013803585622956e-15 -1.289581466031186822e-15 1.563756690300522476e-15 -5.739781355409619091e-16 -1.341861170699578597e-14 9.169659470000979850e-16 -3.805888318459945814e-15 8.779831553826350533e-16 1.203943466448014108e-15 9.589123558997047427e-16 -1.603274800576795413e-15 2.238973256216374980e-15 3.849867392607533826e-16 6.204571484329537937e-15 -7.876834169889746366e-17 2.197214163499239165e-16 5.437554574519370853e-16 -5.516699742664580184e-16 1.576868627911875297e-15 -7.248804215646037246e-17 3.499341868533178464e-16 9.532038098863753269e-16 -5.193449091030203608e-16 -2.101635353442809642e-16 -3.967273518284437695e-16 -2.164082672139063709e-16 -1.212903454163979921e-16 1.172739663320848291e-16 1.634008206862092390e-15 -5.226838025756782102e-14 3.668894632131974644e-17 1.918825467110604146e-15 -2.440682953354914903e-15 -4.149721830258669440e-15 -4.065175523378267184e-15 -4.449971217967626199e-14 6.682591360330505246e-15 2.692328896884397315e-15 1.988158147660694403e-15 -2.748681299157861411e-14 -2.395053019308926279e-15 1.158818606240078870e-14 -1.943104652776994219e-15 6.059454714393591247e-19 5.785187452659115319e-15 -2.534673487020716897e-15 1.309455531263469601e-15 -1.044203815550667659e-14 -1.314507488717568029e-14 -1.966312306697747170e-15 2.559055321401207743e-15 1.029614523416221705e-14 3.867532255496511758e-15 2.207937300726151032e-15 9.378403352113824279e-15 -3.581338715354601819e-15
-1.303691576143139917e-15 1.619598359699602239e-16 -8.710608009005017597e-17 -9.988578790250984491e-15 5.062231414564238919e-16 -1.983266919147701802e-15 1.984135623766158367e-15 -2.072796580702534231e-16 -3.279417008513519513e-16 -3.765407190629949113e-15 -2.405115368320106865e-15 9.658324117320578294e-16 -1.260057515148494410e-14 -3.340389162955567552e-15 2.838248712675317154e-14 -1.154851397578238796e-14 2.583774681284316554e-15 -1.763606409908114943e-16 1.327037093863197245e-16 -2.482212398093739434e-15 -1.025661784062229825e-15 -1.681835743879393164e-16 1.381183035772291067e-16 1.066550592733446461e-15 1.353469659641689461e-15 1.290782124841232922e-15 8.092849562233982821e-17 -6.687427162355657437e-17 -8.063103028531001225e-15 -2.121698993935634171e-17 3.434878310418605315e-15 -2.236208833909706781e-16 -5.719267901429667536e-15 2.501212219569520444e-15 -1.434218157396571065e-15 7.072779999909999769e-16 -4.734616893445873193e-15 1.383654912445647892e-15 2.542177837094426314e-15 -6.887901093900443431e-16 1.913522673501366467e-16 -6.261098827021773123e-16 -1.364318863588255567e-15 -6.482506700276444077e-17 -1.998455497978742090e-15 9.257662552924959540e-16 -2.178663287302601349e-15 4.834146605881182570e-15 -1.332622356880522833e-15 -1.982836111563289207e-15 1.664928924882283873e-16 -1.086686332993022863e-15 -1.940606165240130535e-15 6.559995714149031763e-16 -1.162506718371471435e-15 -3.418628548371460891e-17 -6.359580378204957385e-17 1.804951669674961912e-16 -6.059047009627491190e-18 -2.132639595103405419e-16 -3.146191170819762301e-16 2.482549757444723258e-16 -9.247764688398765559e-16 -4.223450619510286405e-16 2.222369309336627327e-16 -6.834893688950944017e-16 2.903233026351269911e-16 3.296460111680320350e-17 -7.260001240509794972e-18 -4.626776711886778794e-16 3.514075847841830054e-14 3.883106309582592471e-16 6.644175796230575471e-15 1.149805476569620276e-15 5.179882293187735299e-15 2.451288806509936431e-15 1.605437234169010941e-14 6.424890343096815575e-15 -1.395494257633625489e-15 9.540524928898267950e-17 6.149020769126512992e-15 -4.679271822968910039e-16 1.736171609498918781e-15 -8.825097588262337042e-16 -4.729141132845687881e-15 -2.452619210627637999e-15 1.197904460213222975e-15 3.855216773239328079e-15 1.632120614213746745e-16 7.758563651167764731e-15 6.155182046916244299e-16 4.846498311065589833e-15 -2.823826483642071618e-15 -2.515573868909192787e-15 4.035787319551758772e-17 -1.984055263888589651e-16 -6.971170455887697240e-15
-1.803317988966906034e-15 5.396508470346297396e-15 1.707144889975162788e-15 2.628234998824183098e-15 -1.110361608009747587e-15 7.139984001056717225e-16 7.154952123787665394e-16 1.530797848645113684e-16 9.285467057287074489e-17 4.155199187444640800e-16 1.423039069203833765e-15 1.134978268413744757e-15 5.222250545524679974e-15 9.054090371553735212e-16 -1.154851397578238796e-14 2.687904306376424867e-14 -1.818027392118610362e-15 -1.565660499472525191e-15 -9.109640697185500804e-17 -1.895902482891153573e-16 -4.166482810894157169e-16 4.930695138116023768e-16 -5.336135037879559118e-16 4.738639663360136938e-16 -5.434265952176844498e-16 1.191007079231053034e-15 1.379421792904627773e-15 -1.086846197841114494e-15 7.899390693562414233e-16 4.608701960841001818e-16 -2.136585426449788204e-15 1.384948313540104239e-16 -6.567873258463617827e-15 -4.956069343749611494e-15 5.071885010031725595e-16 -1.348903072340731278e-15 4.864886627985286984e-15 1.881395384538884183e-15 4.352124038291116178e-17 -3.113607243573348529e-16 -5.131919724373285535e-15 -1.647773324284132537e-15 3.862917676212396888e-17 4.869752822610486460e-16 -1.015962657064444217e-15 -1.071199034732852361e-15 -5.009788571020939013e-15 -4.352710556994407982e-15 3.384037980620694722e-15 4.960224346040647136e-15 -1.425898760688933314e-15 -6.478245546665277992e-16 -2.568962078958501516e-15 2.732548533907054285e-16 -6.957454147270915506e-15 8.034997283975081445e-16 2.726911667731444853e-16 -1.743937622472906255e-16 5.656582570844230694e-16 5.105316454014518418e-16 4.382256331334317603e-16 4.926883339227176727e-17 6.882793378044294450e-16 3.659750743513826210e-16 5.371173851175700707e-16 -9.178008471390011171e-17 -2.447239350303753773e-16 -4.737078626656864901e-17 8.464295437104390333e-17 3.819793207721845047e-16 2.263987110006208317e-14 -4.496114985912376254e-17 2.413703377053063299e-15 4.044226620842601722e-15 -4.212436879512598386e-15 -1.724676050407552734e-15 -2.301882038551192292e-14 2.643900396336719041e-15 4.213154571098789567e-15 -2.608768402060935678e-15 -3.739248463584630939e-15 2.383072554227592980e-15 4.333656704595366518e-15 -5.026973796140461953e-16 7.075732949744122476e-15 -2.187904704243436100e-15 -4.355733399326533775e-17 -1.269141305676121196e-14 -1.855930545173500949e-15 5.363315008934975320e-15 -3.720351011241314062e-15 -2.641766999211285112e-15 3.597118042558886417e-15 4.083364316016393797e-16 4.033207684644940056e-18 8.727457685813273680e-17 3.617889755469939735e-14
